# Made in Blockbench 4.12.6
mtllib Grass 2.mtl

o cube
v -3.0625 0.2024644317624631 1.0941858608372483
v -3.0625 0.2908527794107815 1.1825742084855668
v -3.0625 -0.06270061118249232 1.3593509037822036
v -3.0625 0.02568773646582613 1.447739251430522
v -3.0625 0.2908527794107815 1.1825742084855668
v -3.0625 0.2024644317624631 1.0941858608372483
v -3.0625 0.02568773646582613 1.447739251430522
v -3.0625 -0.06270061118249232 1.3593509037822036
vt 0 1
vt 0 1
vt 0 0.875
vt 0 0.875
vt 0.375 0.53125
vt 0.40625 0.53125
vt 0.40625 0.40625
vt 0.375 0.40625
vt 0 1
vt 0 1
vt 0 0.875
vt 0 0.875
vt 0.40625 0.53125
vt 0.4375 0.53125
vt 0.4375 0.40625
vt 0.40625 0.40625
vt 0 0.96875
vt 0 0.96875
vt 0 1
vt 0 1
vt 0 1
vt 0 1
vt 0 0.96875
vt 0 0.96875
vn 5.290839107183658e-17 0.7071067811865474 0.7071067811865477
vn -1 1.2246467991473535e-16 -4.764091569760443e-17
vn -5.290839107183658e-17 -0.7071067811865474 -0.7071067811865477
vn 1 -1.2246467991473535e-16 4.764091569760443e-17
vn 1.2028282017526208e-16 0.7071067811865478 -0.7071067811865472
vn -1.2028282017526208e-16 -0.7071067811865478 0.7071067811865472
usemtl m_c7e1ee4b-7081-6bcf-5679-c728ca007809
f 4/4/1 7/3/1 5/2/1 2/1/1
f 3/8/2 4/7/2 2/6/2 1/5/2
f 8/12/3 3/11/3 1/10/3 6/9/3
f 7/16/4 8/15/4 6/14/4 5/13/4
f 6/20/5 1/19/5 2/18/5 5/17/5
f 7/24/6 4/23/6 3/22/6 8/21/6
o cube
v -3.322392347355429 0.4931216590383394 1.3976185424770957
v -3.330106640100743 0.43335931866138355 1.2881016380280177
v -3.1773606307979883 0.011818416782905475 1.6500452450796717
v -3.1850749235433025 -0.047943923594050336 1.5405283406305936
v -3.330106640100743 0.43335931866138355 1.2881016380280177
v -3.322392347355429 0.4931216590383394 1.3976185424770957
v -3.1850749235433025 -0.047943923594050336 1.5405283406305936
v -3.1773606307979883 0.011818416782905475 1.6500452450796717
vt 0 1
vt 0 1
vt 0 0.828125
vt 0 0.828125
vt 0 1
vt 0.03125 1
vt 0.03125 0.828125
vt 0 0.828125
vt 0 1
vt 0 1
vt 0 0.828125
vt 0 0.828125
vt 0.03125 1
vt 0.0625 1
vt 0.0625 0.828125
vt 0.03125 0.828125
vt 0 0.96875
vt 0 0.96875
vt 0 1
vt 0 1
vt 0 1
vt 0 1
vt 0 0.96875
vt 0 0.96875
vn -0.06171434196251337 -0.47809872301564665 -0.8761352355926237
vn 0.9642162021587559 0.19820275432812562 -0.17607607353439597
vn 0.06171434196251337 0.47809872301564665 0.8761352355926237
vn -0.9642162021587559 -0.19820275432812562 0.17607607353439597
vn -0.257834162768783 0.8556502084541047 -0.44875858240457966
vn 0.257834162768783 -0.8556502084541047 0.44875858240457966
usemtl m_c7e1ee4b-7081-6bcf-5679-c728ca007809
f 12/28/7 15/27/7 13/26/7 10/25/7
f 11/32/8 12/31/8 10/30/8 9/29/8
f 16/36/9 11/35/9 9/34/9 14/33/9
f 15/40/10 16/39/10 14/38/10 13/37/10
f 14/44/11 9/43/11 10/42/11 13/41/11
f 15/48/12 12/47/12 11/46/12 16/45/12
o cube
v -3.403642968768252 0.7140239778552909 1.1385453381566355
v -3.411357261513566 0.6542616374783351 1.0290284337075577
v -3.355299063249105 0.5535895637701463 1.2226875723574944
v -3.3630133559944193 0.4938272233931905 1.1131706679084163
v -3.411357261513566 0.6542616374783351 1.0290284337075577
v -3.403642968768252 0.7140239778552909 1.1385453381566355
v -3.3630133559944193 0.4938272233931905 1.1131706679084163
v -3.355299063249105 0.5535895637701463 1.2226875723574944
vt 0 1
vt 0 1
vt 0 0.921875
vt 0 0.921875
vt 0.59375 0.875
vt 0.625 0.875
vt 0.625 0.796875
vt 0.59375 0.796875
vt 0 1
vt 0 1
vt 0 0.921875
vt 0 0.921875
vt 0.59375 0.796875
vt 0.625 0.796875
vt 0.625 0.71875
vt 0.59375 0.71875
vt 0 0.96875
vt 0 0.96875
vt 0 1
vt 0 1
vt 0 1
vt 0 1
vt 0 0.96875
vt 0 0.96875
vn -0.06171434196251337 -0.47809872301564665 -0.8761352355926237
vn 0.9642162021587559 0.19820275432812562 -0.17607607353439597
vn 0.06171434196251337 0.47809872301564665 0.8761352355926237
vn -0.9642162021587559 -0.19820275432812562 0.17607607353439597
vn -0.257834162768783 0.8556502084541047 -0.44875858240457966
vn 0.257834162768783 -0.8556502084541047 0.44875858240457966
usemtl m_c7e1ee4b-7081-6bcf-5679-c728ca007809
f 20/52/13 23/51/13 21/50/13 18/49/13
f 19/56/14 20/55/14 18/54/14 17/53/14
f 24/60/15 19/59/15 17/58/15 22/57/15
f 23/64/16 24/63/16 22/62/16 21/61/16
f 22/68/17 17/67/17 18/66/17 21/65/17
f 23/72/18 20/71/18 19/70/18 24/69/18
o cube
v -3.479646010272381 1.1003419434569566 1.6816723973678245
v -3.4901399138000198 1.0975728705517394 1.5571444477982672
v -3.353908876959751 0.6164099792080083 1.6818375775014158
v -3.36440278048739 0.613640906302791 1.5573096279318586
v -3.4901399138000198 1.0975728705517394 1.5571444477982672
v -3.479646010272381 1.1003419434569566 1.6816723973678245
v -3.36440278048739 0.613640906302791 1.5573096279318586
v -3.353908876959751 0.6164099792080083 1.6818375775014158
vt 0 1
vt 0 1
vt 0 0.875
vt 0 0.875
vt 0.25 0.5
vt 0.28125 0.5
vt 0.28125 0.375
vt 0.25 0.375
vt 0 1
vt 0 1
vt 0 0.875
vt 0 0.875
vt 0.5 0.75
vt 0.53125 0.75
vt 0.53125 0.625
vt 0.5 0.625
vt 0 0.96875
vt 0 0.96875
vt 0 1
vt 0 1
vt 0 1
vt 0 1
vt 0 0.96875
vt 0 0.96875
vn -0.08395122822111073 -0.022152583241738858 -0.9962235965564582
vn 0.9642162021587558 0.25049686418862877 -0.08682417017287902
vn 0.08395122822111073 0.022152583241738858 0.9962235965564582
vn -0.9642162021587558 -0.25049686418862877 0.08682417017287902
vn -0.25147426662526 0.9678639284978966 -0.00033036026718298583
vn 0.25147426662526 -0.9678639284978966 0.00033036026718298583
usemtl m_c7e1ee4b-7081-6bcf-5679-c728ca007809
f 28/76/19 31/75/19 29/74/19 26/73/19
f 27/80/20 28/79/20 26/78/20 25/77/20
f 32/84/21 27/83/21 25/82/21 30/81/21
f 31/88/22 32/87/22 30/86/22 29/85/22
f 30/92/23 25/91/23 26/90/23 29/89/23
f 31/96/24 28/95/24 27/94/24 32/93/24
o cube
v -3.348859337508141 0.6177426037159289 1.8066103336531525
v -3.35935324103578 0.6149735308107116 1.682082384083595
v -3.1759707792032748 -0.04766384712637507 1.8068374563368408
v -3.1864646827309135 -0.05043292003159243 1.6823095067672833
v -3.35935324103578 0.6149735308107116 1.682082384083595
v -3.348859337508141 0.6177426037159289 1.8066103336531525
v -3.1864646827309135 -0.05043292003159243 1.6823095067672833
v -3.1759707792032748 -0.04766384712637507 1.8068374563368408
vt 0 1
vt 0 1
vt 0 0.828125
vt 0 0.828125
vt 0.125 1
vt 0.15625 1
vt 0.15625 0.828125
vt 0.125 0.828125
vt 0 1
vt 0 1
vt 0 0.828125
vt 0 0.828125
vt 0.15625 1
vt 0.1875 1
vt 0.1875 0.828125
vt 0.15625 0.828125
vt 0 0.96875
vt 0 0.96875
vt 0 1
vt 0 1
vt 0 1
vt 0 1
vt 0 0.96875
vt 0 0.96875
vn -0.08395122822111073 -0.022152583241738858 -0.9962235965564582
vn 0.9642162021587558 0.25049686418862877 -0.08682417017287902
vn 0.08395122822111073 0.022152583241738858 0.9962235965564582
vn -0.9642162021587558 -0.25049686418862877 0.08682417017287902
vn -0.25147426662526 0.9678639284978966 -0.00033036026718298583
vn 0.25147426662526 -0.9678639284978966 0.00033036026718298583
usemtl m_c7e1ee4b-7081-6bcf-5679-c728ca007809
f 36/100/25 39/99/25 37/98/25 34/97/25
f 35/104/26 36/103/26 34/102/26 33/101/26
f 40/108/27 35/107/27 33/106/27 38/105/27
f 39/112/28 40/111/28 38/110/28 37/109/28
f 38/116/29 33/115/29 34/114/29 37/113/29
f 39/120/30 36/119/30 35/118/30 40/117/30
o cube
v -3.0441941171691975 0.08094261607814325 1.3356714686982187
v -3.0765465022716176 0.1366944823574538 1.4427698000790512
v -3.0441941245456556 -0.029933737373303848 1.3933900466892757
v -3.0765465096480757 0.02581812890600671 1.500488378070108
v -3.0765465022716176 0.1366944823574538 1.4427698000790512
v -3.0441941171691975 0.08094261607814325 1.3356714686982187
v -3.0765465096480757 0.02581812890600671 1.500488378070108
v -3.0441941245456556 -0.029933737373303848 1.3933900466892757
vt 0 1
vt 0 1
vt 0 0.9375
vt 0 0.9375
vt 0.28125 0.375
vt 0.3125 0.375
vt 0.3125 0.3125
vt 0.28125 0.3125
vt 0 1
vt 0 1
vt 0 0.9375
vt 0 0.9375
vt 0.3125 0.375
vt 0.34375 0.375
vt 0.34375 0.3125
vt 0.3125 0.3125
vt 0 0.96875
vt 0 0.96875
vt 0 1
vt 0 1
vt 0 1
vt 0 1
vt 0 0.96875
vt 0 0.96875
vn -0.25881908081936034 0.44601493023448435 0.8567866510466591
vn -0.9659258167187674 -0.11950930385436061 -0.2295753533993319
vn 0.25881908081936034 -0.44601493023448435 -0.8567866510466591
vn 0.9659258167187674 0.11950930385436061 0.2295753533993319
vn 5.901166491573129e-8 0.8870108276115767 -0.46174862392845567
vn -5.901166491573129e-8 -0.8870108276115767 0.46174862392845567
usemtl m_c7e1ee4b-7081-6bcf-5679-c728ca007809
f 44/124/31 47/123/31 45/122/31 42/121/31
f 43/128/32 44/127/32 42/126/32 41/125/32
f 48/132/33 43/131/33 41/130/33 46/129/33
f 47/136/34 48/135/34 46/134/34 45/133/34
f 46/140/35 41/139/35 42/138/35 45/137/35
f 47/144/36 44/143/36 43/142/36 48/141/36
o cube
v -2.9558058828308025 0.08094261607814325 1.3356714686982187
v -2.9234534977283824 0.1366944823574538 1.4427698000790512
v -2.9558058754543444 -0.029933737373303848 1.3933900466892757
v -2.9234534903519243 0.02581812890600671 1.500488378070108
v -2.9234534977283824 0.1366944823574538 1.4427698000790512
v -2.9558058828308025 0.08094261607814325 1.3356714686982187
v -2.9234534903519243 0.02581812890600671 1.500488378070108
v -2.9558058754543444 -0.029933737373303848 1.3933900466892757
vt 0 1
vt 0 1
vt 0 0.9375
vt 0 0.9375
vt 0.625 0.6875
vt 0.65625 0.6875
vt 0.65625 0.625
vt 0.625 0.625
vt 0 1
vt 0 1
vt 0 0.9375
vt 0 0.9375
vt 0.34375 0.375
vt 0.375 0.375
vt 0.375 0.3125
vt 0.34375 0.3125
vt 0 0.96875
vt 0 0.96875
vt 0 1
vt 0 1
vt 0 1
vt 0 1
vt 0 0.96875
vt 0 0.96875
vn 0.25881908081936034 0.44601493023448435 0.8567866510466591
vn -0.9659258167187674 0.11950930385436061 0.2295753533993319
vn -0.25881908081936034 -0.44601493023448435 -0.8567866510466591
vn 0.9659258167187674 -0.11950930385436061 -0.2295753533993319
vn -5.901166491573129e-8 0.8870108276115767 -0.46174862392845567
vn 5.901166491573129e-8 -0.8870108276115767 0.46174862392845567
usemtl m_c7e1ee4b-7081-6bcf-5679-c728ca007809
f 52/148/37 55/147/37 53/146/37 50/145/37
f 51/152/38 52/151/38 50/150/38 49/149/38
f 56/156/39 51/155/39 49/154/39 54/153/39
f 55/160/40 56/159/40 54/158/40 53/157/40
f 54/164/41 49/163/41 50/162/41 53/161/41
f 55/168/42 52/167/42 51/166/42 56/165/42
o cube
v -2.9375 0.2024644317624631 1.0941858608372483
v -2.9375 0.2908527794107815 1.1825742084855668
v -2.9375 -0.06270061118249232 1.3593509037822036
v -2.9375 0.025687736465826103 1.447739251430522
v -2.9375 0.2908527794107815 1.1825742084855668
v -2.9375 0.2024644317624631 1.0941858608372483
v -2.9375 0.025687736465826103 1.447739251430522
v -2.9375 -0.06270061118249232 1.3593509037822036
vt 0 1
vt 0 1
vt 0 0.875
vt 0 0.875
vt 0.4375 0.53125
vt 0.46875 0.53125
vt 0.46875 0.40625
vt 0.4375 0.40625
vt 0 1
vt 0 1
vt 0 0.875
vt 0 0.875
vt 0.46875 0.53125
vt 0.5 0.53125
vt 0.5 0.40625
vt 0.46875 0.40625
vt 0 0.96875
vt 0 0.96875
vt 0 1
vt 0 1
vt 0 1
vt 0 1
vt 0 0.96875
vt 0 0.96875
vn 5.290839107183658e-17 0.7071067811865474 0.7071067811865477
vn -1 1.2246467991473535e-16 -4.764091569760443e-17
vn -5.290839107183658e-17 -0.7071067811865474 -0.7071067811865477
vn 1 -1.2246467991473535e-16 4.764091569760443e-17
vn 1.2028282017526208e-16 0.7071067811865478 -0.7071067811865472
vn -1.2028282017526208e-16 -0.7071067811865478 0.7071067811865472
usemtl m_c7e1ee4b-7081-6bcf-5679-c728ca007809
f 60/172/43 63/171/43 61/170/43 58/169/43
f 59/176/44 60/175/44 58/174/44 57/173/44
f 64/180/45 59/179/45 57/178/45 62/177/45
f 63/184/46 64/183/46 62/182/46 61/181/46
f 62/188/47 57/187/47 58/186/47 61/185/47
f 63/192/48 60/191/48 59/190/48 64/189/48
o cube
v -2.9224909007100495 0.3905775345997344 1.1065482009810168
v -2.8004539005321627 0.4030701365083852 1.1305462318405364
v -2.922490838266047 -0.052927877578868354 1.3374225160710325
v -2.8004538380881603 -0.04043527567021757 1.361420546930552
v -2.8004539005321627 0.4030701365083852 1.1305462318405364
v -2.9224909007100495 0.3905775345997344 1.1065482009810168
v -2.8004538380881603 -0.04043527567021757 1.361420546930552
v -2.922490838266047 -0.052927877578868354 1.3374225160710325
vt 0 1
vt 0 1
vt 0 0.84375
vt 0 0.84375
vt 0.25 0.65625
vt 0.28125 0.65625
vt 0.28125 0.5
vt 0.25 0.5
vt 0 1
vt 0 1
vt 0 0.84375
vt 0 0.84375
vt 0.28125 0.65625
vt 0.3125 0.65625
vt 0.3125 0.5
vt 0.28125 0.5
vt 0 0.96875
vt 0 0.96875
vt 0 1
vt 0 1
vt 0 1
vt 0 1
vt 0 0.96875
vt 0 0.96875
vn 0.9762960014230937 0.09994081526920646 0.1919842468761567
vn -0.21643963963484864 0.4508033173308258 0.8659851335203508
vn -0.9762960014230937 -0.09994081526920646 -0.1919842468761567
vn 0.21643963963484864 -0.4508033173308258 -0.8659851335203508
vn -1.2488800472942868e-7 0.8870108243572056 -0.46174863018003115
vn 1.2488800472942868e-7 -0.8870108243572056 0.46174863018003115
usemtl m_c7e1ee4b-7081-6bcf-5679-c728ca007809
f 68/196/49 71/195/49 69/194/49 66/193/49
f 67/200/50 68/199/50 66/198/50 65/197/50
f 72/204/51 67/203/51 65/202/51 70/201/51
f 71/208/52 72/207/52 70/206/52 69/205/52
f 70/212/53 65/211/53 66/210/53 69/209/53
f 71/216/54 68/215/54 67/214/54 72/213/54
o cube
v -2.8224364984159966 1.3119866101033018 1.6191311023344266
v -2.8115834771749166 1.3120279131596964 1.4946031527648693
v -2.817688917801898 0.687004676087351 1.6193375775014158
v -2.806835896560818 0.6870459791437458 1.4948096279318586
v -2.8115834771749166 1.3120279131596964 1.4946031527648693
v -2.8224364984159966 1.3119866101033018 1.6191311023344266
v -2.806835896560818 0.6870459791437458 1.4948096279318586
v -2.817688917801898 0.687004676087351 1.6193375775014158
vt 0 1
vt 0 1
vt 0 0.875
vt 0 0.875
vt 0.5 1
vt 0.53125 1
vt 0.53125 0.875
vt 0.5 0.875
vt 0 1
vt 0 1
vt 0 0.875
vt 0 0.875
vt 0.5 0.875
vt 0.53125 0.875
vt 0.53125 0.75
vt 0.5 0.75
vt 0 0.96875
vt 0 0.96875
vt 0 1
vt 0 1
vt 0 1
vt 0 1
vt 0 0.96875
vt 0 0.96875
vn 0.08682416992863941 0.0003304244511577016 -0.9962235965564583
vn 0.9961946909819802 0.007596126190886613 0.08682417017287893
vn -0.08682416992863941 -0.0003304244511577016 0.9962235965564583
vn -0.9961946909819802 -0.007596126190886613 -0.08682417017287893
vn -0.007596128982558366 0.999971094425521 -0.0003303602671829906
vn 0.007596128982558366 -0.999971094425521 0.0003303602671829906
usemtl m_c7e1ee4b-7081-6bcf-5679-c728ca007809
f 76/220/55 79/219/55 77/218/55 74/217/55
f 75/224/56 76/223/56 74/222/56 73/221/56
f 80/228/57 75/227/57 73/226/57 78/225/57
f 79/232/58 80/231/58 78/230/58 77/229/58
f 78/236/59 73/235/59 74/234/59 77/233/59
f 79/240/60 76/239/60 75/238/60 80/237/60
o cube
v -3.202103481154591 0.3565679634272565 1.1831354266111518
v -3.320592469387226 0.33980513731234196 1.219251452531062
v -3.0731864614381794 -0.07125714414300277 1.4075147468702487
v -3.1916754496708144 -0.08801997025791733 1.443630772790159
v -3.320592469387226 0.33980513731234196 1.219251452531062
v -3.202103481154591 0.3565679634272565 1.1831354266111518
v -3.1916754496708144 -0.08801997025791733 1.443630772790159
v -3.0731864614381794 -0.07125714414300277 1.4075147468702487
vt 0 1
vt 0 1
vt 0 0.84375
vt 0 0.84375
vt 0.3125 0.65625
vt 0.34375 0.65625
vt 0.34375 0.5
vt 0.3125 0.5
vt 0 1
vt 0 1
vt 0 0.84375
vt 0 0.84375
vt 0.34375 0.65625
vt 0.375 0.65625
vt 0.375 0.5
vt 0.34375 0.5
vt 0 0.96875
vt 0 0.96875
vt 0 1
vt 0 1
vt 0 1
vt 0 1
vt 0 0.96875
vt 0 0.96875
vn -0.9479119058610799 -0.1341026089193164 0.28892820735928193
vn -0.1870417783185586 -0.4998791850147564 -0.8456572435404396
vn 0.9479119058610799 0.1341026089193164 -0.28892820735928193
vn 0.1870417783185586 0.4998791850147564 0.8456572435404396
vn -0.2578340394328231 0.8556502151405186 -0.44875864051819386
vn 0.2578340394328231 -0.8556502151405186 0.44875864051819386
usemtl m_c7e1ee4b-7081-6bcf-5679-c728ca007809
f 84/244/61 87/243/61 85/242/61 82/241/61
f 83/248/62 84/247/62 82/246/62 81/245/62
f 88/252/63 83/251/63 81/250/63 86/249/63
f 87/256/64 88/255/64 86/254/64 85/253/64
f 86/260/65 81/259/65 82/258/65 85/257/65
f 87/264/66 84/263/66 83/262/66 88/261/66
o cube
v -2.822911306971694 0.6869849755372243 1.7441103336531523
v -2.812058285730614 0.687026278593619 1.619582384083595
v -2.817688968296185 -0.0004951518803215923 1.7443374563368408
v -2.806835947055105 -0.00045384882392687965 1.6198095067672833
v -2.812058285730614 0.687026278593619 1.619582384083595
v -2.822911306971694 0.6869849755372243 1.7441103336531523
v -2.806835947055105 -0.00045384882392687965 1.6198095067672833
v -2.817688968296185 -0.0004951518803215923 1.7443374563368408
vt 0 1
vt 0 1
vt 0 0.828125
vt 0 0.828125
vt 0.0625 1
vt 0.09375 1
vt 0.09375 0.828125
vt 0.0625 0.828125
vt 0 1
vt 0 1
vt 0 0.828125
vt 0 0.828125
vt 0.09375 1
vt 0.125 1
vt 0.125 0.828125
vt 0.09375 0.828125
vt 0 0.96875
vt 0 0.96875
vt 0 1
vt 0 1
vt 0 1
vt 0 1
vt 0 0.96875
vt 0 0.96875
vn 0.08682416992863941 0.0003304244511577016 -0.9962235965564583
vn 0.9961946909819802 0.007596126190886613 0.08682417017287893
vn -0.08682416992863941 -0.0003304244511577016 0.9962235965564583
vn -0.9961946909819802 -0.007596126190886613 -0.08682417017287893
vn -0.007596128982558366 0.999971094425521 -0.0003303602671829906
vn 0.007596128982558366 -0.999971094425521 0.0003303602671829906
usemtl m_c7e1ee4b-7081-6bcf-5679-c728ca007809
f 92/268/67 95/267/67 93/266/67 90/265/67
f 91/272/68 92/271/68 90/270/68 89/269/68
f 96/276/69 91/275/69 89/274/69 94/273/69
f 95/280/70 96/279/70 94/278/70 93/277/70
f 94/284/71 89/283/71 90/282/71 93/281/71
f 95/288/72 92/287/72 91/286/72 96/285/72
o cube
v -2.817709529374888 0.554506759059048 1.3096920015208893
v -2.8068150513733117 0.49700782296863233 1.199237564319193
v -2.8177095302749633 0.055563157026895765 1.5694255803881227
v -2.8068150522733872 -0.001935779063519938 1.4589711431864265
v -2.8068150513733117 0.49700782296863233 1.199237564319193
v -2.817709529374888 0.554506759059048 1.3096920015208893
v -2.8068150522733872 -0.001935779063519938 1.4589711431864265
v -2.8177095302749633 0.055563157026895765 1.5694255803881227
vt 0 1
vt 0 1
vt 0 0.828125
vt 0 0.828125
vt 0 0.828125
vt 0.03125 0.828125
vt 0.03125 0.65625
vt 0 0.65625
vt 0 1
vt 0 1
vt 0 0.828125
vt 0 0.828125
vt 0.03125 0.828125
vt 0.0625 0.828125
vt 0.0625 0.65625
vt 0.03125 0.65625
vt 0 0.96875
vt 0 0.96875
vt 0 1
vt 0 1
vt 0 1
vt 0 1
vt 0 0.96875
vt 0 0.96875
vn 0.08715582401260924 -0.4599914887233255 -0.8836354976135701
vn 0.9961946909819804 0.04024407696814103 0.07730816210659298
vn -0.08715582401260924 0.4599914887233255 0.8836354976135701
vn -0.9961946909819804 -0.04024407696814103 -0.07730816210659298
vn 1.600133761603395e-9 0.8870108480571594 -0.4617485846528595
vn -1.600133761603395e-9 -0.8870108480571594 0.4617485846528595
usemtl m_c7e1ee4b-7081-6bcf-5679-c728ca007809
f 100/292/73 103/291/73 101/290/73 98/289/73
f 99/296/74 100/295/74 98/294/74 97/293/74
f 104/300/75 99/299/75 97/298/75 102/297/75
f 103/304/76 104/303/76 102/302/76 101/301/76
f 102/308/77 97/307/77 98/306/77 101/305/77
f 103/312/78 100/311/78 99/310/78 104/309/78
o cube
v -2.8177091946812904 0.7852917168121305 1.0465252741210476
v -2.8068147166797144 0.7277927807217148 0.9360708369193512
v -2.817709194981316 0.6189771828014131 1.1331031337434587
v -2.8068147169797397 0.5614782467109974 1.0226486965417623
v -2.8068147166797144 0.7277927807217148 0.9360708369193512
v -2.8177091946812904 0.7852917168121305 1.0465252741210476
v -2.8068147169797397 0.5614782467109974 1.0226486965417623
v -2.817709194981316 0.6189771828014131 1.1331031337434587
vt 0 1
vt 0 1
vt 0 0.921875
vt 0 0.921875
vt 0.59375 0.71875
vt 0.625 0.71875
vt 0.625 0.640625
vt 0.59375 0.640625
vt 0 1
vt 0 1
vt 0 0.921875
vt 0 0.921875
vt 0.59375 0.640625
vt 0.625 0.640625
vt 0.625 0.5625
vt 0.59375 0.5625
vt 0 0.96875
vt 0 0.96875
vt 0 1
vt 0 1
vt 0 1
vt 0 1
vt 0 0.96875
vt 0 0.96875
vn 0.08715582401260924 -0.4599914887233255 -0.8836354976135701
vn 0.9961946909819804 0.04024407696814103 0.07730816210659298
vn -0.08715582401260924 0.4599914887233255 0.8836354976135701
vn -0.9961946909819804 -0.04024407696814103 -0.07730816210659298
vn 1.600133761603395e-9 0.8870108480571594 -0.4617485846528595
vn -1.600133761603395e-9 -0.8870108480571594 0.4617485846528595
usemtl m_c7e1ee4b-7081-6bcf-5679-c728ca007809
f 108/316/79 111/315/79 109/314/79 106/313/79
f 107/320/80 108/319/80 106/318/80 105/317/80
f 112/324/81 107/323/81 105/322/81 110/321/81
f 111/328/82 112/327/82 110/326/82 109/325/82
f 110/332/83 105/331/83 106/330/83 109/329/83
f 111/336/84 108/335/84 107/334/84 112/333/84
o cube
v -2.6927090741312374 0.7956011081783957 2.3065418819860803
v -2.681814596129661 0.742974853216938 2.4193992594046825
v -2.6927090744312623 0.6256683955556415 2.2273009633854457
v -2.6818145964296862 0.5730421405941838 2.340158340804048
v -2.681814596129661 0.742974853216938 2.4193992594046825
v -2.6927090741312374 0.7956011081783957 2.3065418819860803
v -2.6818145964296862 0.5730421405941838 2.340158340804048
v -2.6927090744312623 0.6256683955556415 2.2273009633854457
vt 0 1
vt 0 1
vt 0 0.921875
vt 0 0.921875
vt 0.375 0.40625
vt 0.40625 0.40625
vt 0.40625 0.328125
vt 0.375 0.328125
vt 0 1
vt 0 1
vt 0 0.921875
vt 0 0.921875
vt 0.40625 0.40625
vt 0.4375 0.40625
vt 0.4375 0.328125
vt 0.40625 0.328125
vt 0 0.96875
vt 0 0.96875
vt 0 1
vt 0 1
vt 0 1
vt 0 1
vt 0 0.96875
vt 0 0.96875
vn 0.08715582401260935 -0.42101003969166145 0.9028590193488178
vn -0.9961946909819803 -0.03683363885479517 0.07899000384878745
vn -0.08715582401260935 0.42101003969166145 -0.9028590193488178
vn 0.9961946909819803 0.03683363885479517 -0.07899000384878745
vn 1.600133608947729e-9 0.9063078006546895 0.42261823253671843
vn -1.600133608947729e-9 -0.9063078006546895 -0.42261823253671843
usemtl m_c7e1ee4b-7081-6bcf-5679-c728ca007809
f 116/340/85 119/339/85 117/338/85 114/337/85
f 115/344/86 116/343/86 114/342/86 113/341/86
f 120/348/87 115/347/87 113/346/87 118/345/87
f 119/352/88 120/351/88 118/350/88 117/349/88
f 118/356/89 113/355/89 114/354/89 117/353/89
f 119/360/90 116/359/90 115/358/90 120/357/90
o cube
v -2.6927094088248342 0.5535566351432128 2.053692329468075
v -2.6818149308232577 0.5009303801817551 2.166549706886677
v -2.6927094097249094 0.04375849727494999 1.815969573666171
v -2.6818149317233333 -0.008867757686507688 1.928826951084773
v -2.6818149308232577 0.5009303801817551 2.166549706886677
v -2.6927094088248342 0.5535566351432128 2.053692329468075
v -2.6818149317233333 -0.008867757686507688 1.928826951084773
v -2.6927094097249094 0.04375849727494999 1.815969573666171
vt 0 1
vt 0 1
vt 0 0.828125
vt 0 0.828125
vt 0.0625 0.828125
vt 0.09375 0.828125
vt 0.09375 0.65625
vt 0.0625 0.65625
vt 0 1
vt 0 1
vt 0 0.828125
vt 0 0.828125
vt 0.09375 0.828125
vt 0.125 0.828125
vt 0.125 0.65625
vt 0.09375 0.65625
vt 0 0.96875
vt 0 0.96875
vt 0 1
vt 0 1
vt 0 1
vt 0 1
vt 0 0.96875
vt 0 0.96875
vn 0.08715582401260935 -0.42101003969166145 0.9028590193488178
vn -0.9961946909819803 -0.03683363885479517 0.07899000384878745
vn -0.08715582401260935 0.42101003969166145 -0.9028590193488178
vn 0.9961946909819803 0.03683363885479517 -0.07899000384878745
vn 1.600133608947729e-9 0.9063078006546895 0.42261823253671843
vn -1.600133608947729e-9 -0.9063078006546895 -0.42261823253671843
usemtl m_c7e1ee4b-7081-6bcf-5679-c728ca007809
f 124/364/91 127/363/91 125/362/91 122/361/91
f 123/368/92 124/367/92 122/366/92 121/365/92
f 128/372/93 123/371/93 121/370/93 126/369/93
f 127/376/94 128/375/94 126/374/94 125/373/94
f 126/380/95 121/379/95 122/378/95 125/377/95
f 127/384/96 124/383/96 123/382/96 128/381/96
o cube
v -3.05256359719204 1.3119865146254384 1.7558692364861943
v -3.06341661843312 1.312027817681833 1.8803971860557516
v -3.057311177806139 0.6870045806094875 1.7556627613192046
v -3.068164199047219 0.6870458836658823 1.8801907108887619
v -3.06341661843312 1.312027817681833 1.8803971860557516
v -3.05256359719204 1.3119865146254384 1.7558692364861943
v -3.068164199047219 0.6870458836658823 1.8801907108887619
v -3.057311177806139 0.6870045806094875 1.7556627613192046
vt 0 1
vt 0 1
vt 0 0.875
vt 0 0.875
vt 0.28125 0.5
vt 0.3125 0.5
vt 0.3125 0.375
vt 0.28125 0.375
vt 0 1
vt 0 1
vt 0 0.875
vt 0 0.875
vt 0.3125 0.5
vt 0.34375 0.5
vt 0.34375 0.375
vt 0.3125 0.375
vt 0 0.96875
vt 0 0.96875
vt 0 1
vt 0 1
vt 0 1
vt 0 1
vt 0 0.96875
vt 0 0.96875
vn -0.08682416992863935 0.00033042445115734684 0.9962235965564582
vn -0.9961946909819803 0.007596126190886772 -0.08682417017287893
vn 0.08682416992863935 -0.00033042445115734684 -0.9962235965564582
vn 0.9961946909819803 -0.007596126190886772 0.08682417017287893
vn 0.007596128982558491 0.999971094425521 0.00033036026718335734
vn -0.007596128982558491 -0.999971094425521 -0.00033036026718335734
usemtl m_c7e1ee4b-7081-6bcf-5679-c728ca007809
f 132/388/97 135/387/97 133/386/97 130/385/97
f 131/392/98 132/391/98 130/390/98 129/389/98
f 136/396/99 131/395/99 129/394/99 134/393/99
f 135/400/100 136/399/100 134/398/100 133/397/100
f 134/404/101 129/403/101 130/402/101 133/401/101
f 135/408/102 132/407/102 131/406/102 136/405/102
o cube
v -3.052088734371237 0.6869848798528452 1.6308893825277204
v -3.062941755612317 0.6870261829092399 1.7554173320972777
v -3.057311073046746 -0.0004952475647004955 1.6306622598440317
v -3.068164094287826 -0.0004539445083058272 1.7551902094135892
v -3.062941755612317 0.6870261829092399 1.7554173320972777
v -3.052088734371237 0.6869848798528452 1.6308893825277204
v -3.068164094287826 -0.0004539445083058272 1.7551902094135892
v -3.057311073046746 -0.0004952475647004955 1.6306622598440317
vt 0 1
vt 0 1
vt 0 0.828125
vt 0 0.828125
vt 0.125 0.828125
vt 0.15625 0.828125
vt 0.15625 0.65625
vt 0.125 0.65625
vt 0 1
vt 0 1
vt 0 0.828125
vt 0 0.828125
vt 0.15625 0.828125
vt 0.1875 0.828125
vt 0.1875 0.65625
vt 0.15625 0.65625
vt 0 0.96875
vt 0 0.96875
vt 0 1
vt 0 1
vt 0 1
vt 0 1
vt 0 0.96875
vt 0 0.96875
vn -0.08682416992863935 0.00033042445115734684 0.9962235965564582
vn -0.9961946909819803 0.007596126190886772 -0.08682417017287893
vn 0.08682416992863935 -0.00033042445115734684 -0.9962235965564582
vn 0.9961946909819803 -0.007596126190886772 0.08682417017287893
vn 0.007596128982558491 0.999971094425521 0.00033036026718335734
vn -0.007596128982558491 -0.999971094425521 -0.00033036026718335734
usemtl m_c7e1ee4b-7081-6bcf-5679-c728ca007809
f 140/412/103 143/411/103 141/410/103 138/409/103
f 139/416/104 140/415/104 138/414/104 137/413/104
f 144/420/105 139/419/105 137/418/105 142/417/105
f 143/424/106 144/423/106 142/422/106 141/421/106
f 142/428/107 137/427/107 138/426/107 141/425/107
f 143/432/108 140/431/108 139/430/108 144/429/108
o cube
v -2.6979111680470647 0.6869845377637964 1.630889582441099
v -2.6870581468059846 0.6870258408201911 1.7554175320106562
v -2.692688829371556 -0.0004955896537494044 1.6306624597574104
v -2.681835808130476 -0.00045428659735473597 1.7551904093269677
v -2.6870581468059846 0.6870258408201911 1.7554175320106562
v -2.6979111680470647 0.6869845377637964 1.630889582441099
v -2.681835808130476 -0.00045428659735473597 1.7551904093269677
v -2.692688829371556 -0.0004955896537494044 1.6306624597574104
vt 0 1
vt 0 1
vt 0 0.828125
vt 0 0.828125
vt 0.1875 1
vt 0.21875 1
vt 0.21875 0.828125
vt 0.1875 0.828125
vt 0 1
vt 0 1
vt 0 0.828125
vt 0 0.828125
vt 0.1875 0.828125
vt 0.21875 0.828125
vt 0.21875 0.65625
vt 0.1875 0.65625
vt 0 0.96875
vt 0 0.96875
vt 0 1
vt 0 1
vt 0 1
vt 0 1
vt 0 0.96875
vt 0 0.96875
vn 0.08682416992863935 0.00033042445115734684 0.9962235965564582
vn -0.9961946909819803 -0.007596126190886772 0.08682417017287893
vn -0.08682416992863935 -0.00033042445115734684 -0.9962235965564582
vn 0.9961946909819803 0.007596126190886772 -0.08682417017287893
vn -0.007596128982558491 0.999971094425521 0.00033036026718335734
vn 0.007596128982558491 -0.999971094425521 -0.00033036026718335734
usemtl m_c7e1ee4b-7081-6bcf-5679-c728ca007809
f 148/436/109 151/435/109 149/434/109 146/433/109
f 147/440/110 148/439/110 146/438/110 145/437/110
f 152/444/111 147/443/111 145/442/111 150/441/111
f 151/448/112 152/447/112 150/446/112 149/445/112
f 150/452/113 145/451/113 146/450/113 149/449/113
f 151/456/114 148/455/114 147/454/114 152/453/114
o cube
v -3.0572908668626093 0.7956010189659893 2.306542074249279
v -3.068185344864186 0.7429747640045317 2.4193994516678816
v -3.0572908665625844 0.6256683063432351 2.2273011556486444
v -3.0681853445641605 0.5730420513817774 2.340158533067247
v -3.068185344864186 0.7429747640045317 2.4193994516678816
v -3.0572908668626093 0.7956010189659893 2.306542074249279
v -3.0681853445641605 0.5730420513817774 2.340158533067247
v -3.0572908665625844 0.6256683063432351 2.2273011556486444
vt 0 1
vt 0 1
vt 0 0.921875
vt 0 0.921875
vt 0.4375 0.40625
vt 0.46875 0.40625
vt 0.46875 0.328125
vt 0.4375 0.328125
vt 0 1
vt 0 1
vt 0 0.921875
vt 0 0.921875
vt 0.59375 0.5625
vt 0.625 0.5625
vt 0.625 0.484375
vt 0.59375 0.484375
vt 0 0.96875
vt 0 0.96875
vt 0 1
vt 0 1
vt 0 1
vt 0 1
vt 0 0.96875
vt 0 0.96875
vn -0.08715582401260935 -0.42101003969166145 0.9028590193488178
vn -0.9961946909819803 0.03683363885479517 -0.07899000384878745
vn 0.08715582401260935 0.42101003969166145 -0.9028590193488178
vn 0.9961946909819803 -0.03683363885479517 0.07899000384878745
vn -1.600133608947729e-9 0.9063078006546895 0.42261823253671843
vn 1.600133608947729e-9 -0.9063078006546895 -0.42261823253671843
usemtl m_c7e1ee4b-7081-6bcf-5679-c728ca007809
f 156/460/115 159/459/115 157/458/115 154/457/115
f 155/464/116 156/463/116 154/462/116 153/461/116
f 160/468/117 155/467/117 153/466/117 158/465/117
f 159/472/118 160/471/118 158/470/118 157/469/118
f 158/476/119 153/475/119 154/474/119 157/473/119
f 159/480/120 156/479/120 155/478/120 160/477/120
o cube
v -2.9525091128153855 0.39864429898158604 2.263793562203947
v -3.0745461129932723 0.4100782312972867 2.239273452510423
v -2.9525091752593866 -0.05450959049999435 2.0524844226767804
v -3.0745461754372734 -0.043075658184293666 2.027964312983256
v -3.0745461129932723 0.4100782312972867 2.239273452510423
v -2.9525091128153855 0.39864429898158604 2.263793562203947
v -3.0745461754372734 -0.043075658184293666 2.027964312983256
v -2.9525091752593866 -0.05450959049999435 2.0524844226767804
vt 0 1
vt 0 1
vt 0 0.84375
vt 0 0.84375
vt 0.375 1
vt 0.40625 1
vt 0.40625 0.84375
vt 0.375 0.84375
vt 0 1
vt 0 1
vt 0 0.84375
vt 0 0.84375
vt 0.375 0.84375
vt 0.40625 0.84375
vt 0.40625 0.6875
vt 0.375 0.6875
vt 0 0.96875
vt 0 0.96875
vt 0 1
vt 0 1
vt 0 1
vt 0 1
vt 0 0.96875
vt 0 0.96875
vn -0.9762960014230936 0.09147145852560548 -0.19616087754819342
vn 0.21643963963484905 0.4126005114709154 -0.8848246720840666
vn 0.9762960014230936 -0.09147145852560548 0.19616087754819342
vn -0.21643963963484905 -0.4126005114709154 0.8848246720840666
vn 1.248880019122378e-7 0.9063077789631607 0.42261827905433397
vn -1.248880019122378e-7 -0.9063077789631607 -0.42261827905433397
usemtl m_c7e1ee4b-7081-6bcf-5679-c728ca007809
f 164/484/121 167/483/121 165/482/121 162/481/121
f 163/488/122 164/487/122 162/486/122 161/485/122
f 168/492/123 163/491/123 161/490/123 166/489/123
f 167/496/124 168/495/124 166/494/124 165/493/124
f 166/500/125 161/499/125 162/498/125 165/497/125
f 167/504/126 164/503/126 163/502/126 168/501/126
o cube
v -2.6974363642389485 1.3119867973118082 1.7558688139663
v -2.6865833429978685 1.3120281003682028 1.8803967635358574
v -2.6926887836248494 0.6870048632958575 1.7556623387993104
v -2.6818357623837694 0.6870461663522522 1.8801902883688677
v -2.6865833429978685 1.3120281003682028 1.8803967635358574
v -2.6974363642389485 1.3119867973118082 1.7558688139663
v -2.6818357623837694 0.6870461663522522 1.8801902883688677
v -2.6926887836248494 0.6870048632958575 1.7556623387993104
vt 0 1
vt 0 1
vt 0 0.875
vt 0 0.875
vt 0.34375 0.5
vt 0.375 0.5
vt 0.375 0.375
vt 0.34375 0.375
vt 0 1
vt 0 1
vt 0 0.875
vt 0 0.875
vt 0.5 0.625
vt 0.53125 0.625
vt 0.53125 0.5
vt 0.5 0.5
vt 0 0.96875
vt 0 0.96875
vt 0 1
vt 0 1
vt 0 1
vt 0 1
vt 0 0.96875
vt 0 0.96875
vn 0.08682416992863935 0.00033042445115734684 0.9962235965564582
vn -0.9961946909819803 -0.007596126190886772 0.08682417017287893
vn -0.08682416992863935 -0.00033042445115734684 -0.9962235965564582
vn 0.9961946909819803 0.007596126190886772 -0.08682417017287893
vn -0.007596128982558491 0.999971094425521 0.00033036026718335734
vn 0.007596128982558491 -0.999971094425521 -0.00033036026718335734
usemtl m_c7e1ee4b-7081-6bcf-5679-c728ca007809
f 172/508/127 175/507/127 173/506/127 170/505/127
f 171/512/128 172/511/128 170/510/128 169/509/128
f 176/516/129 171/515/129 169/514/129 174/513/129
f 175/520/130 176/519/130 174/518/130 173/517/130
f 174/524/131 169/523/131 170/522/131 173/521/131
f 175/528/132 172/527/132 171/526/132 176/525/132
o cube
v -2.7974911121066333 0.39864426720620894 2.2637937042239376
v -2.6754541119287465 0.4100781995219096 2.239273594530413
v -2.797491049662632 -0.05450962227537144 2.0524845646967704
v -2.6754540494847454 -0.04307568995967076 2.0279644550032465
v -2.6754541119287465 0.4100781995219096 2.239273594530413
v -2.7974911121066333 0.39864426720620894 2.2637937042239376
v -2.6754540494847454 -0.04307568995967076 2.0279644550032465
v -2.797491049662632 -0.05450962227537144 2.0524845646967704
vt 0 1
vt 0 1
vt 0 0.84375
vt 0 0.84375
vt 0.375 0.6875
vt 0.40625 0.6875
vt 0.40625 0.53125
vt 0.375 0.53125
vt 0 1
vt 0 1
vt 0 0.84375
vt 0 0.84375
vt 0.40625 1
vt 0.4375 1
vt 0.4375 0.84375
vt 0.40625 0.84375
vt 0 0.96875
vt 0 0.96875
vt 0 1
vt 0 1
vt 0 1
vt 0 1
vt 0 0.96875
vt 0 0.96875
vn 0.9762960014230936 0.09147145852560548 -0.19616087754819342
vn 0.21643963963484905 -0.4126005114709154 0.8848246720840666
vn -0.9762960014230936 -0.09147145852560548 0.19616087754819342
vn -0.21643963963484905 0.4126005114709154 -0.8848246720840666
vn -1.248880019122378e-7 0.9063077789631607 0.42261827905433397
vn 1.248880019122378e-7 -0.9063077789631607 -0.42261827905433397
usemtl m_c7e1ee4b-7081-6bcf-5679-c728ca007809
f 180/532/133 183/531/133 181/530/133 178/529/133
f 179/536/134 180/535/134 178/534/134 177/533/134
f 184/540/135 179/539/135 177/538/135 182/537/135
f 183/544/136 184/543/136 182/542/136 181/541/136
f 182/548/137 177/547/137 178/546/137 181/545/137
f 183/552/138 180/551/138 179/550/138 184/549/138
o cube
v -2.8125 0.21124932668578839 2.28434924529601
v -2.8125 0.295698102637746 2.1921895781947445
v -2.8125 -0.065229674618008 2.031002917440137
v -2.8125 0.019219101333949606 1.9388432503388717
v -2.8125 0.295698102637746 2.1921895781947445
v -2.8125 0.21124932668578839 2.28434924529601
v -2.8125 0.019219101333949606 1.9388432503388717
v -2.8125 -0.065229674618008 2.031002917440137
vt 0 1
vt 0 1
vt 0 0.875
vt 0 0.875
vt 0.5 0.5
vt 0.53125 0.5
vt 0.53125 0.375
vt 0.5 0.375
vt 0 1
vt 0 1
vt 0 0.875
vt 0 0.875
vt 0 0.484375
vt 0.03125 0.484375
vt 0.03125 0.359375
vt 0 0.359375
vt 0 0.96875
vt 0 0.96875
vt 0 1
vt 0 1
vt 0 1
vt 0 1
vt 0 0.96875
vt 0 0.96875
vn 0 0.6755902076156607 -0.7372773368101236
vn 1 0 0
vn 0 -0.6755902076156607 0.7372773368101236
vn -1 0 0
vn 0 0.7372773368101236 0.6755902076156607
vn 0 -0.7372773368101236 -0.6755902076156607
usemtl m_c7e1ee4b-7081-6bcf-5679-c728ca007809
f 188/556/139 191/555/139 189/554/139 186/553/139
f 187/560/140 188/559/140 186/558/140 185/557/140
f 192/564/141 187/563/141 185/562/141 190/561/141
f 191/568/142 192/567/142 190/566/142 189/565/142
f 190/572/143 185/571/143 186/570/143 189/569/143
f 191/576/144 188/575/144 187/574/144 192/573/144
o cube
v -2.8308060612423045 0.1925984485646099 2.1012215591037737
v -2.798453676139885 0.24362568781814314 1.9917932993517908
v -2.8308060464893883 -0.03397849692082587 1.9955669909370841
v -2.798453661386968 0.017048742332707353 1.8861387311851014
v -2.798453676139885 0.24362568781814314 1.9917932993517908
v -2.8308060612423045 0.1925984485646099 2.1012215591037737
v -2.798453661386968 0.017048742332707353 1.8861387311851014
v -2.8308060464893883 -0.03397849692082587 1.9955669909370841
vt 0 1
vt 0 1
vt 0 0.9375
vt 0 0.9375
vt 0.625 0.625
vt 0.65625 0.625
vt 0.65625 0.5625
vt 0.625 0.5625
vt 0 1
vt 0 1
vt 0 0.9375
vt 0 0.9375
vt 0.625 0.5625
vt 0.65625 0.5625
vt 0.65625 0.5
vt 0.625 0.5
vt 0 0.96875
vt 0 0.96875
vt 0 1
vt 0 1
vt 0 1
vt 0 1
vt 0 0.96875
vt 0 0.96875
vn 0.25881908081936056 0.40821791402826596 -0.8754260780158614
vn 0.9659258167187674 -0.10938162120872576 0.23456977115121416
vn -0.25881908081936056 -0.40821791402826596 0.8754260780158614
vn -0.9659258167187674 0.10938162120872576 -0.23456977115121416
vn -5.90116650128758e-8 0.9063077819417432 0.4226182726667581
vn 5.90116650128758e-8 -0.9063077819417432 -0.4226182726667581
usemtl m_c7e1ee4b-7081-6bcf-5679-c728ca007809
f 196/580/145 199/579/145 197/578/145 194/577/145
f 195/584/146 196/583/146 194/582/146 193/581/146
f 200/588/147 195/587/147 193/586/147 198/585/147
f 199/592/148 200/591/148 198/590/148 197/589/148
f 198/596/149 193/595/149 194/594/149 197/593/149
f 199/600/150 196/599/150 195/598/150 200/597/150
o cube
v -2.91919407650476 0.1925983190539205 2.101221801931981
v -2.95154646160718 0.24362555830745372 1.9917935421799982
v -2.919194091257676 -0.03397862643151525 1.9955672337652914
v -2.9515464763600963 0.017048612822017972 1.8861389740133088
v -2.95154646160718 0.24362555830745372 1.9917935421799982
v -2.91919407650476 0.1925983190539205 2.101221801931981
v -2.9515464763600963 0.017048612822017972 1.8861389740133088
v -2.919194091257676 -0.03397862643151525 1.9955672337652914
vt 0 1
vt 0 1
vt 0 0.9375
vt 0 0.9375
vt 0.5 0.375
vt 0.53125 0.375
vt 0.53125 0.3125
vt 0.5 0.3125
vt 0 1
vt 0 1
vt 0 0.9375
vt 0 0.9375
vt 0.625 0.5
vt 0.65625 0.5
vt 0.65625 0.4375
vt 0.625 0.4375
vt 0 0.96875
vt 0 0.96875
vt 0 1
vt 0 1
vt 0 1
vt 0 1
vt 0 0.96875
vt 0 0.96875
vn -0.25881908081936056 0.40821791402826596 -0.8754260780158614
vn 0.9659258167187674 0.10938162120872576 -0.23456977115121416
vn 0.25881908081936056 -0.40821791402826596 0.8754260780158614
vn -0.9659258167187674 -0.10938162120872576 0.23456977115121416
vn 5.90116650128758e-8 0.9063077819417432 0.4226182726667581
vn -5.90116650128758e-8 -0.9063077819417432 -0.4226182726667581
usemtl m_c7e1ee4b-7081-6bcf-5679-c728ca007809
f 204/604/151 207/603/151 205/602/151 202/601/151
f 203/608/152 204/607/152 202/606/152 201/605/152
f 208/612/153 203/611/153 201/610/153 206/609/153
f 207/616/154 208/615/154 206/614/154 205/613/154
f 206/620/155 201/619/155 202/618/155 205/617/155
f 207/624/156 204/623/156 203/622/156 208/621/156
o cube
v -3.0572905321690125 0.5535565459308063 2.053692521731274
v -3.068185010170589 0.5009302909693486 2.1665498991498766
v -3.0572905312689374 0.04375840806254343 1.81596976592937
v -3.068185009270514 -0.008867846898914261 1.9288271433479725
v -3.068185010170589 0.5009302909693486 2.1665498991498766
v -3.0572905321690125 0.5535565459308063 2.053692521731274
v -3.068185009270514 -0.008867846898914261 1.9288271433479725
v -3.0572905312689374 0.04375840806254343 1.81596976592937
vt 0 1
vt 0 1
vt 0 0.828125
vt 0 0.828125
vt 0.21875 1
vt 0.25 1
vt 0.25 0.828125
vt 0.21875 0.828125
vt 0 1
vt 0 1
vt 0 0.828125
vt 0 0.828125
vt 0.21875 0.828125
vt 0.25 0.828125
vt 0.25 0.65625
vt 0.21875 0.65625
vt 0 0.96875
vt 0 0.96875
vt 0 1
vt 0 1
vt 0 1
vt 0 1
vt 0 0.96875
vt 0 0.96875
vn -0.08715582401260935 -0.42101003969166145 0.9028590193488178
vn -0.9961946909819803 0.03683363885479517 -0.07899000384878745
vn 0.08715582401260935 0.42101003969166145 -0.9028590193488178
vn 0.9961946909819803 -0.03683363885479517 0.07899000384878745
vn -1.600133608947729e-9 0.9063078006546895 0.42261823253671843
vn 1.600133608947729e-9 -0.9063078006546895 -0.42261823253671843
usemtl m_c7e1ee4b-7081-6bcf-5679-c728ca007809
f 212/628/157 215/627/157 213/626/157 210/625/157
f 211/632/158 212/631/158 210/630/158 209/629/158
f 216/636/159 211/635/159 209/634/159 214/633/159
f 215/640/160 216/639/160 214/638/160 213/637/160
f 214/644/161 209/643/161 210/642/161 213/641/161
f 215/648/162 212/647/162 211/646/162 216/645/162
o cube
v -2.9375 0.21124932668578839 2.28434924529601
v -2.9375 0.295698102637746 2.1921895781947445
v -2.9375 -0.065229674618008 2.031002917440137
v -2.9375 0.019219101333949606 1.9388432503388717
v -2.9375 0.295698102637746 2.1921895781947445
v -2.9375 0.21124932668578839 2.28434924529601
v -2.9375 0.019219101333949606 1.9388432503388717
v -2.9375 -0.065229674618008 2.031002917440137
vt 0 1
vt 0 1
vt 0 0.875
vt 0 0.875
vt 0.03125 0.484375
vt 0.0625 0.484375
vt 0.0625 0.359375
vt 0.03125 0.359375
vt 0 1
vt 0 1
vt 0 0.875
vt 0 0.875
vt 0.0625 0.484375
