# Made in Blockbench 4.12.6
mtllib Grass 4.mtl

o cube
v -2.0965863943983365 0.207052225883107 -1.5624999999999998
v -2.2120713359622473 0.2548876549287432 -1.5625
v -2.1922572524896085 -0.023917657244714702 -1.5624999999999998
v -2.307742194053519 0.0239177718009215 -1.5625
v -2.2120713359622473 0.2548876549287432 -1.5625
v -2.0965863943983365 0.207052225883107 -1.5624999999999998
v -2.307742194053519 0.0239177718009215 -1.5625
v -2.1922572524896085 -0.023917657244714702 -1.5624999999999998
vt 0 1
vt 0 1
vt 0 0.875
vt 0 0.875
vt 0.5625 0.5
vt 0.59375 0.5
vt 0.59375 0.375
vt 0.5625 0.375
vt 0 1
vt 0 1
vt 0 0.875
vt 0 0.875
vt 0.59375 1
vt 0.625 1
vt 0.625 0.875
vt 0.59375 0.875
vt 0 0.96875
vt 0 0.96875
vt 0 1
vt 0 1
vt 0 1
vt 0 1
vt 0 0.96875
vt 0 0.96875
vn -0.9238795325112868 0.3826834323650897 -2.370072626263643e-16
vn 1.9452086685093367e-16 -1.1061559977521022e-16 -1
vn 0.9238795325112868 -0.3826834323650897 2.370072626263643e-16
vn -1.9452086685093367e-16 1.1061559977521022e-16 1
vn 0.3826834323650897 0.9238795325112867 8.044366877814565e-18
vn -0.3826834323650897 -0.9238795325112867 -8.044366877814565e-18
usemtl m_c7e1ee4b-7081-6bcf-5679-c728ca007809
f 4/4/1 7/3/1 5/2/1 2/1/1
f 3/8/2 4/7/2 2/6/2 1/5/2
f 8/12/3 3/11/3 1/10/3 6/9/3
f 7/16/4 8/15/4 6/14/4 5/13/4
f 6/20/5 1/19/5 2/18/5 5/17/5
f 7/24/6 4/23/6 3/22/6 8/21/6
o cube
v -2.4559681031878564 0.4407867421947706 -1.68229048351171
v -2.3319176186245936 0.4299337310905874 -1.6931849513551673
v -2.494098740639957 0.004951561779631845 -1.68229048351171
v -2.370048256076694 -0.005901449324551302 -1.6931849513551673
v -2.3319176186245936 0.4299337310905874 -1.6931849513551673
v -2.4559681031878564 0.4407867421947706 -1.68229048351171
v -2.370048256076694 -0.005901449324551302 -1.6931849513551673
v -2.494098740639957 0.004951561779631845 -1.68229048351171
vt 0 1
vt 0 1
vt 0 0.828125
vt 0 0.828125
vt 0.1875 0.65625
vt 0.21875 0.65625
vt 0.21875 0.484375
vt 0.1875 0.484375
vt 0 1
vt 0 1
vt 0 0.828125
vt 0 0.828125
vt 0.21875 0.65625
vt 0.25 0.65625
vt 0.25 0.484375
vt 0.21875 0.484375
vt 0 0.96875
vt 0 0.96875
vt 0 1
vt 0 1
vt 0 1
vt 0 1
vt 0 0.96875
vt 0 0.96875
vn 0.9924038765061041 -0.08682408883346517 -0.08715574274765826
vn 0.08682408883346536 -0.007596123493895979 0.9961946980917455
vn -0.9924038765061041 0.08682408883346517 0.08715574274765826
vn -0.08682408883346536 0.007596123493895979 -0.9961946980917455
vn 0.08715574274765818 0.9961946980917455 4.336808689942018e-18
vn -0.08715574274765818 -0.9961946980917455 -4.336808689942018e-18
usemtl m_c7e1ee4b-7081-6bcf-5679-c728ca007809
f 12/28/7 15/27/7 13/26/7 10/25/7
f 11/32/8 12/31/8 10/30/8 9/29/8
f 16/36/9 11/35/9 9/34/9 14/33/9
f 15/40/10 16/39/10 14/38/10 13/37/10
f 14/44/11 9/43/11 10/42/11 13/41/11
f 15/48/12 12/47/12 11/46/12 16/45/12
o cube
v -2.2987449319010382 -0.006671373296617749 -1.5441940716210953
v -2.4190262052634206 0.0038518745570534016 -1.5765464522589103
v -2.2987449319010382 -0.006671373296617749 -1.5441940716210953
v -2.4190262052634206 0.0038518745570534016 -1.5765464522589103
v -2.4190262052634206 0.0038518745570534016 -1.5765464522589103
v -2.2987449319010382 -0.006671373296617749 -1.5441940716210953
v -2.4190262052634206 0.0038518745570534016 -1.5765464522589103
v -2.2987449319010382 -0.006671373296617749 -1.5441940716210953
vt 0 1
vt 0 1
vt 0 0.9375
vt 0 0.9375
vt 0.0625 0.359375
vt 0.09375 0.359375
vt 0.09375 0.296875
vt 0.0625 0.296875
vt 0 1
vt 0 1
vt 0 0.9375
vt 0 0.9375
vt 0.09375 0.359375
vt 0.125 0.359375
vt 0.125 0.296875
vt 0.09375 0.296875
vt 0 0.96875
vt 0 0.96875
vt 0 1
vt 0 1
vt 0 1
vt 0 1
vt 0 0.96875
vt 0 0.96875
vn -0.9622501868990584 0.0841859828293692 -0.2588190451025206
vn 0.2578341604962994 -0.022557566113149834 -0.9659258262890683
vn 0.9622501868990584 -0.0841859828293692 0.2588190451025206
vn -0.2578341604962994 0.022557566113149834 0.9659258262890683
vn 0.0871557427476582 0.9961946980917457 -1.3877787807814457e-17
vn -0.0871557427476582 -0.9961946980917457 1.3877787807814457e-17
usemtl m_c7e1ee4b-7081-6bcf-5679-c728ca007809
f 20/52/13 23/51/13 21/50/13 18/49/13
f 19/56/14 20/55/14 18/54/14 17/53/14
f 24/60/15 19/59/15 17/58/15 22/57/15
f 23/64/16 24/63/16 22/62/16 21/61/16
f 22/68/17 17/67/17 18/66/17 21/65/17
f 23/72/18 20/71/18 19/70/18 24/69/18
o cube
v -2.2987446489270815 -0.006671398053631077 -1.45580579063183
v -2.419025922289464 0.0038518498000400907 -1.423453409994015
v -2.2987446489270815 -0.006671398053631077 -1.45580579063183
v -2.419025922289464 0.0038518498000400907 -1.423453409994015
v -2.419025922289464 0.0038518498000400907 -1.423453409994015
v -2.2987446489270815 -0.006671398053631077 -1.45580579063183
v -2.419025922289464 0.0038518498000400907 -1.423453409994015
v -2.2987446489270815 -0.006671398053631077 -1.45580579063183
vt 0 1
vt 0 1
vt 0 0.9375
vt 0 0.9375
vt 0 0.359375
vt 0.03125 0.359375
vt 0.03125 0.296875
vt 0 0.296875
vt 0 1
vt 0 1
vt 0 0.9375
vt 0 0.9375
vt 0.03125 0.359375
vt 0.0625 0.359375
vt 0.0625 0.296875
vt 0.03125 0.296875
vt 0 0.96875
vt 0 0.96875
vt 0 1
vt 0 1
vt 0 1
vt 0 1
vt 0 0.96875
vt 0 0.96875
vn -0.9622501868990584 0.08418598282936934 0.2588190451025207
vn -0.25783416049629954 0.02255756611314984 -0.9659258262890683
vn 0.9622501868990584 -0.08418598282936934 -0.2588190451025207
vn 0.25783416049629954 -0.02255756611314984 0.9659258262890683
vn 0.08715574274765832 0.9961946980917457 -2.7755575615628914e-17
vn -0.08715574274765832 -0.9961946980917457 2.7755575615628914e-17
usemtl m_c7e1ee4b-7081-6bcf-5679-c728ca007809
f 28/76/19 31/75/19 29/74/19 26/73/19
f 27/80/20 28/79/20 26/78/20 25/77/20
f 32/84/21 27/83/21 25/82/21 30/81/21
f 31/88/22 32/87/22 30/86/22 29/85/22
f 30/92/23 25/91/23 26/90/23 29/89/23
f 31/96/24 28/95/24 27/94/24 32/93/24
o cube
v -2.0965863943983365 0.207052225883107 -1.4374999999999998
v -2.2120713359622473 0.2548876549287432 -1.4375
v -2.1922572524896085 -0.023917657244714674 -1.4374999999999998
v -2.307742194053519 0.023917771800921528 -1.4375
v -2.2120713359622473 0.2548876549287432 -1.4375
v -2.0965863943983365 0.207052225883107 -1.4374999999999998
v -2.307742194053519 0.023917771800921528 -1.4375
v -2.1922572524896085 -0.023917657244714674 -1.4374999999999998
vt 0 1
vt 0 1
vt 0 0.875
vt 0 0.875
vt 0.5625 0.75
vt 0.59375 0.75
vt 0.59375 0.625
vt 0.5625 0.625
vt 0 1
vt 0 1
vt 0 0.875
vt 0 0.875
vt 0.5625 0.625
vt 0.59375 0.625
vt 0.59375 0.5
vt 0.5625 0.5
vt 0 0.96875
vt 0 0.96875
vt 0 1
vt 0 1
vt 0 1
vt 0 1
vt 0 0.96875
vt 0 0.96875
vn -0.9238795325112868 0.3826834323650897 -2.370072626263643e-16
vn 1.9452086685093367e-16 -1.1061559977521022e-16 -1
vn 0.9238795325112868 -0.3826834323650897 2.370072626263643e-16
vn -1.9452086685093367e-16 1.1061559977521022e-16 1
vn 0.3826834323650897 0.9238795325112867 8.044366877814565e-18
vn -0.3826834323650897 -0.9238795325112867 -8.044366877814565e-18
usemtl m_c7e1ee4b-7081-6bcf-5679-c728ca007809
f 36/100/25 39/99/25 37/98/25 34/97/25
f 35/104/26 36/103/26 34/102/26 33/101/26
f 40/108/27 35/107/27 33/106/27 38/105/27
f 39/112/28 40/111/28 38/110/28 37/109/28
f 38/116/29 33/115/29 34/114/29 37/113/29
f 39/120/30 36/119/30 35/118/30 40/117/30
o cube
v -2.205553982729934 0.36707559536406426 -1.422491208428327
v -2.2325059822127042 0.3694335897781632 -1.3004542075383352
v -2.2382373862603058 -0.006497416420340374 -1.4224912084283268
v -2.265189385743076 -0.00413942200624139 -1.3004542075383352
v -2.2325059822127042 0.3694335897781632 -1.3004542075383352
v -2.205553982729934 0.36707559536406426 -1.422491208428327
v -2.265189385743076 -0.00413942200624139 -1.3004542075383352
v -2.2382373862603058 -0.006497416420340374 -1.4224912084283268
vt 0 1
vt 0 1
vt 0 0.84375
vt 0 0.84375
vt 0.46875 0.84375
vt 0.5 0.84375
vt 0.5 0.6875
vt 0.46875 0.6875
vt 0 1
vt 0 1
vt 0 0.84375
vt 0 0.84375
vt 0.46875 0.6875
vt 0.5 0.6875
vt 0.5 0.53125
vt 0.46875 0.53125
vt 0 0.96875
vt 0 0.96875
vt 0 1
vt 0 1
vt 0 1
vt 0 1
vt 0 0.96875
vt 0 0.96875
vn -0.21561599586216235 0.01886395531279187 0.9762960071199334
vn -0.9725809060610187 0.08508980364211079 -0.21643961393810288
vn 0.21561599586216235 -0.01886395531279187 -0.9762960071199334
vn 0.9725809060610187 -0.08508980364211079 0.21643961393810288
vn 0.08715574274765822 0.9961946980917457 -1.2490009027033009e-16
vn -0.08715574274765822 -0.9961946980917457 1.2490009027033009e-16
usemtl m_c7e1ee4b-7081-6bcf-5679-c728ca007809
f 44/124/31 47/123/31 45/122/31 42/121/31
f 43/128/32 44/127/32 42/126/32 41/125/32
f 48/132/33 43/131/33 41/130/33 46/129/33
f 47/136/34 48/135/34 46/134/34 45/133/34
f 46/140/35 41/139/35 42/138/35 45/137/35
f 47/144/36 44/143/36 43/142/36 48/141/36
o cube
v -2.556755052790876 0.6869973037286548 -1.3195880019395994
v -2.4322271023365043 0.6870386027125198 -1.3087349908354162
v -2.556837650758606 0.4370045301144614 -1.3176889710661253
v -2.432309700304234 0.43704582909832645 -1.3068359599619421
v -2.4322271023365043 0.6870386027125198 -1.3087349908354162
v -2.556755052790876 0.6869973037286548 -1.3195880019395994
v -2.432309700304234 0.43704582909832645 -1.3068359599619421
v -2.556837650758606 0.4370045301144614 -1.3176889710661253
vt 0 1
vt 0 1
vt 0 0.875
vt 0 0.875
vt 0.5625 1
vt 0.59375 1
vt 0.59375 0.875
vt 0.5625 0.875
vt 0 1
vt 0 1
vt 0 0.875
vt 0 0.875
vt 0.5625 0.875
vt 0.59375 0.875
vt 0.59375 0.75
vt 0.5625 0.75
vt 0 0.96875
vt 0 0.96875
vt 0 1
vt 0 1
vt 0 1
vt 0 1
vt 0 0.96875
vt 0 0.96875
vn 0.9962236036349723 0.00033039187092043465 0.0868240888334657
vn -0.08682408883346568 0.007596123493896 0.9961946980917455
vn -0.9962236036349723 -0.00033039187092043465 -0.0868240888334657
vn 0.08682408883346568 -0.007596123493896 -0.9961946980917455
vn 0.0003303918709204544 0.9999710944567733 -0.007596123493895997
vn -0.0003303918709204544 -0.9999710944567733 0.007596123493895997
usemtl m_c7e1ee4b-7081-6bcf-5679-c728ca007809
f 52/148/37 55/147/37 53/146/37 50/145/37
f 51/152/38 52/151/38 50/150/38 49/149/38
f 56/156/39 51/155/39 49/154/39 54/153/39
f 55/160/40 56/159/40 54/158/40 53/157/40
f 54/164/41 49/163/41 50/162/41 53/161/41
f 55/168/42 52/167/42 51/166/42 56/165/42
o cube
v -2.2055545771960987 0.3670756473731145 -1.5775090415598987
v -2.232506576678869 0.3694336417872135 -1.6995460424498905
v -2.2382379807264705 -0.006497364411290096 -1.5775090415598987
v -2.265189980209241 -0.004139369997191128 -1.6995460424498905
v -2.232506576678869 0.3694336417872135 -1.6995460424498905
v -2.2055545771960987 0.3670756473731145 -1.5775090415598987
v -2.265189980209241 -0.004139369997191128 -1.6995460424498905
v -2.2382379807264705 -0.006497364411290096 -1.5775090415598987
vt 0 1
vt 0 1
vt 0 0.84375
vt 0 0.84375
vt 0.4375 0.6875
vt 0.46875 0.6875
vt 0.46875 0.53125
vt 0.4375 0.53125
vt 0 1
vt 0 1
vt 0 0.84375
vt 0 0.84375
vt 0.46875 1
vt 0.5 1
vt 0.5 0.84375
vt 0.46875 0.84375
vt 0 0.96875
vt 0 0.96875
vt 0 1
vt 0 1
vt 0 1
vt 0 1
vt 0 0.96875
vt 0 0.96875
vn -0.21561599586216235 0.01886395531279175 -0.9762960071199334
vn 0.9725809060610187 -0.08508980364211079 -0.2164396139381029
vn 0.21561599586216235 -0.01886395531279175 0.9762960071199334
vn -0.9725809060610187 0.08508980364211079 0.2164396139381029
vn 0.0871557427476582 0.9961946980917457 0
vn -0.0871557427476582 -0.9961946980917457 0
usemtl m_c7e1ee4b-7081-6bcf-5679-c728ca007809
f 60/172/43 63/171/43 61/170/43 58/169/43
f 59/176/44 60/175/44 58/174/44 57/173/44
f 64/180/45 59/179/45 57/178/45 62/177/45
f 63/184/46 64/183/46 62/182/46 61/181/46
f 62/188/47 57/187/47 58/186/47 61/185/47
f 63/192/48 60/191/48 59/190/48 64/189/48
o cube
v -2.301151319760641 0.504713782611318 -1.682290807334071
v -2.1771008351973777 0.4938607715071348 -1.6931852751775283
v -2.30659855368237 0.44245161398058397 -1.682290807334071
v -2.1825480691191066 0.4315986028764007 -1.6931852751775283
v -2.1771008351973777 0.4938607715071348 -1.6931852751775283
v -2.301151319760641 0.504713782611318 -1.682290807334071
v -2.1825480691191066 0.4315986028764007 -1.6931852751775283
v -2.30659855368237 0.44245161398058397 -1.682290807334071
vt 0 1
vt 0 1
vt 0 0.921875
vt 0 0.921875
vt 0.625 0.765625
vt 0.65625 0.765625
vt 0.65625 0.6875
vt 0.625 0.6875
vt 0 1
vt 0 1
vt 0 0.921875
vt 0 0.921875
vt 0.25 0.375
vt 0.28125 0.375
vt 0.28125 0.296875
vt 0.25 0.296875
vt 0 0.96875
vt 0 0.96875
vt 0 1
vt 0 1
vt 0 1
vt 0 1
vt 0 0.96875
vt 0 0.96875
vn 0.9924038765061041 -0.08682408883346517 -0.08715574274765826
vn 0.08682408883346536 -0.007596123493895979 0.9961946980917455
vn -0.9924038765061041 0.08682408883346517 0.08715574274765826
vn -0.08682408883346536 0.007596123493895979 -0.9961946980917455
vn 0.08715574274765818 0.9961946980917455 4.336808689942018e-18
vn -0.08715574274765818 -0.9961946980917455 -4.336808689942018e-18
usemtl m_c7e1ee4b-7081-6bcf-5679-c728ca007809
f 68/196/49 71/195/49 69/194/49 66/193/49
f 67/200/50 68/199/50 66/198/50 65/197/50
f 72/204/51 67/203/51 65/202/51 70/201/51
f 71/208/52 72/207/52 70/206/52 69/205/52
f 70/212/53 65/211/53 66/210/53 69/209/53
f 71/216/54 68/215/54 67/214/54 72/213/54
o cube
v -2.6816930595688877 0.4369920647470791 -1.321011696583817
v -2.557165109114516 0.43703336373094415 -1.3101586854796339
v -2.6818376060124156 -0.0004952890777591946 -1.3176883925552376
v -2.557309655558044 -0.0004539900938941405 -1.3068353814510543
v -2.557165109114516 0.43703336373094415 -1.3101586854796339
v -2.6816930595688877 0.4369920647470791 -1.321011696583817
v -2.557309655558044 -0.0004539900938941405 -1.3068353814510543
v -2.6818376060124156 -0.0004952890777591946 -1.3176883925552376
vt 0 1
vt 0 1
vt 0 0.828125
vt 0 0.828125
vt 0.15625 0.65625
vt 0.1875 0.65625
vt 0.1875 0.484375
vt 0.15625 0.484375
vt 0 1
vt 0 1
vt 0 0.828125
vt 0 0.828125
vt 0.34375 0.828125
vt 0.375 0.828125
vt 0.375 0.65625
vt 0.34375 0.65625
vt 0 0.96875
vt 0 0.96875
vt 0 1
vt 0 1
vt 0 1
vt 0 1
vt 0 0.96875
vt 0 0.96875
vn 0.9962236036349723 0.00033039187092043465 0.0868240888334657
vn -0.08682408883346568 0.007596123493896 0.9961946980917455
vn -0.9962236036349723 -0.00033039187092043465 -0.0868240888334657
vn 0.08682408883346568 -0.007596123493896 -0.9961946980917455
vn 0.0003303918709204544 0.9999710944567733 -0.007596123493895997
vn -0.0003303918709204544 -0.9999710944567733 0.007596123493895997
usemtl m_c7e1ee4b-7081-6bcf-5679-c728ca007809
f 76/220/55 79/219/55 77/218/55 74/217/55
f 75/224/56 76/223/56 74/222/56 73/221/56
f 80/228/57 75/227/57 73/226/57 78/225/57
f 79/232/58 80/231/58 78/230/58 77/229/58
f 78/236/59 73/235/59 74/234/59 77/233/59
f 79/240/60 76/239/60 75/238/60 80/237/60
o cube
v -2.681692785039354 0.43699171653151675 -1.6789877783761762
v -2.5571648345849827 0.4370330155153818 -1.6898407894803593
v -2.681837331482882 -0.0004956372933215962 -1.6823110824047558
v -2.55730938102851 -0.00045433830945654225 -1.6931640935089387
v -2.5571648345849827 0.4370330155153818 -1.6898407894803593
v -2.681692785039354 0.43699171653151675 -1.6789877783761762
v -2.55730938102851 -0.00045433830945654225 -1.6931640935089387
v -2.681837331482882 -0.0004956372933215962 -1.6823110824047558
vt 0 1
vt 0 1
vt 0 0.828125
vt 0 0.828125
vt 0.09375 0.65625
vt 0.125 0.65625
vt 0.125 0.484375
vt 0.09375 0.484375
vt 0 1
vt 0 1
vt 0 0.828125
vt 0 0.828125
vt 0.125 0.65625
vt 0.15625 0.65625
vt 0.15625 0.484375
vt 0.125 0.484375
vt 0 0.96875
vt 0 0.96875
vt 0 1
vt 0 1
vt 0 1
vt 0 1
vt 0 0.96875
vt 0 0.96875
vn 0.9962236036349723 0.00033039187092043 -0.08682408883346515
vn 0.08682408883346512 -0.007596123493895989 0.9961946980917455
vn -0.9962236036349723 -0.00033039187092043 0.08682408883346515
vn -0.08682408883346512 0.007596123493895989 -0.9961946980917455
vn 0.00033039187092044983 0.9999710944567733 0.007596123493895986
vn -0.00033039187092044983 -0.9999710944567733 -0.007596123493895986
usemtl m_c7e1ee4b-7081-6bcf-5679-c728ca007809
f 84/244/61 87/243/61 85/242/61 82/241/61
f 83/248/62 84/247/62 82/246/62 81/245/62
f 88/252/63 83/251/63 81/250/63 86/249/63
f 87/256/64 88/255/64 86/254/64 85/253/64
f 86/260/65 81/259/65 82/258/65 85/257/65
f 87/264/66 84/263/66 83/262/66 88/261/66
o cube
v -2.556754832319903 0.6869975852426036 -1.6804120908945026
v -2.4322268818655313 0.6870388842264686 -1.691265101998686
v -2.556837430287633 0.4370048116284102 -1.6823111217679767
v -2.432309479833261 0.4370461106122753 -1.6931641328721598
v -2.4322268818655313 0.6870388842264686 -1.691265101998686
v -2.556754832319903 0.6869975852426036 -1.6804120908945026
v -2.432309479833261 0.4370461106122753 -1.6931641328721598
v -2.556837430287633 0.4370048116284102 -1.6823111217679767
vt 0 1
vt 0 1
vt 0 0.875
vt 0 0.875
vt 0.53125 0.625
vt 0.5625 0.625
vt 0.5625 0.5
vt 0.53125 0.5
vt 0 1
vt 0 1
vt 0 0.875
vt 0 0.875
vt 0.53125 0.5
vt 0.5625 0.5
vt 0.5625 0.375
vt 0.53125 0.375
vt 0 0.96875
vt 0 0.96875
vt 0 1
vt 0 1
vt 0 1
vt 0 1
vt 0 0.96875
vt 0 0.96875
vn 0.9962236036349723 0.00033039187092043 -0.08682408883346515
vn 0.08682408883346512 -0.007596123493895989 0.9961946980917455
vn -0.9962236036349723 -0.00033039187092043 0.08682408883346515
vn -0.08682408883346512 0.007596123493895989 -0.9961946980917455
vn 0.00033039187092044983 0.9999710944567733 0.007596123493895986
vn -0.00033039187092044983 -0.9999710944567733 -0.007596123493895986
usemtl m_c7e1ee4b-7081-6bcf-5679-c728ca007809
f 92/268/67 95/267/67 93/266/67 90/265/67
f 91/272/68 92/271/68 90/270/68 89/269/68
f 96/276/69 91/275/69 89/274/69 94/273/69
f 95/280/70 96/279/70 94/278/70 93/277/70
f 94/284/71 89/283/71 90/282/71 93/281/71
f 95/288/72 92/287/72 91/286/72 96/285/72
o cube
v -2.455967912358216 0.44078672549934034 -1.3177095754944597
v -2.3319174277949526 0.4299337143951572 -1.3068151076510022
v -2.494098549810316 0.0049515450842016265 -1.3177095754944597
v -2.3700480652470532 -0.005901466019981507 -1.3068151076510022
v -2.3319174277949526 0.4299337143951572 -1.3068151076510022
v -2.455967912358216 0.44078672549934034 -1.3177095754944597
v -2.3700480652470532 -0.005901466019981507 -1.3068151076510022
v -2.494098549810316 0.0049515450842016265 -1.3177095754944597
vt 0 1
vt 0 1
vt 0 0.828125
vt 0 0.828125
vt 0.03125 0.65625
vt 0.0625 0.65625
vt 0.0625 0.484375
vt 0.03125 0.484375
vt 0 1
vt 0 1
vt 0 0.828125
vt 0 0.828125
vt 0.0625 0.65625
vt 0.09375 0.65625
vt 0.09375 0.484375
vt 0.0625 0.484375
vt 0 0.96875
vt 0 0.96875
vt 0 1
vt 0 1
vt 0 1
vt 0 1
vt 0 0.96875
vt 0 0.96875
vn 0.9924038765061041 -0.08682408883346507 0.08715574274765871
vn -0.08682408883346558 0.007596123493896004 0.9961946980917455
vn -0.9924038765061041 0.08682408883346507 -0.08715574274765871
vn 0.08682408883346558 -0.007596123493896004 -0.9961946980917455
vn 0.08715574274765808 0.9961946980917457 1.734723475976807e-17
vn -0.08715574274765808 -0.9961946980917457 -1.734723475976807e-17
usemtl m_c7e1ee4b-7081-6bcf-5679-c728ca007809
f 100/292/73 103/291/73 101/290/73 98/289/73
f 99/296/74 100/295/74 98/294/74 97/293/74
f 104/300/75 99/299/75 97/298/75 102/297/75
f 103/304/76 104/303/76 102/302/76 101/301/76
f 102/308/77 97/307/77 98/306/77 101/305/77
f 103/312/78 100/311/78 99/310/78 104/309/78
o cube
v -2.301151749183423 0.5047138201809432 -1.3177093061444378
v -2.1771012646201595 0.4938608090767601 -1.3068148383009806
v -2.3065989831051517 0.44245165155020916 -1.3177093061444378
v -2.1825484985418884 0.431598640446026 -1.3068148383009806
v -2.1771012646201595 0.4938608090767601 -1.3068148383009806
v -2.301151749183423 0.5047138201809432 -1.3177093061444378
v -2.1825484985418884 0.431598640446026 -1.3068148383009806
v -2.3065989831051517 0.44245165155020916 -1.3177093061444378
vt 0 1
vt 0 1
vt 0 0.921875
vt 0 0.921875
vt 0.625 0.921875
vt 0.65625 0.921875
vt 0.65625 0.84375
vt 0.625 0.84375
vt 0 1
vt 0 1
vt 0 0.921875
vt 0 0.921875
vt 0.625 0.84375
vt 0.65625 0.84375
vt 0.65625 0.765625
vt 0.625 0.765625
vt 0 0.96875
vt 0 0.96875
vt 0 1
vt 0 1
vt 0 1
vt 0 1
vt 0 0.96875
vt 0 0.96875
vn 0.9924038765061041 -0.08682408883346507 0.08715574274765871
vn -0.08682408883346558 0.007596123493896004 0.9961946980917455
vn -0.9924038765061041 0.08682408883346507 -0.08715574274765871
vn 0.08682408883346558 -0.007596123493896004 -0.9961946980917455
vn 0.08715574274765808 0.9961946980917457 1.734723475976807e-17
vn -0.08715574274765808 -0.9961946980917457 -1.734723475976807e-17
usemtl m_c7e1ee4b-7081-6bcf-5679-c728ca007809
f 108/316/79 111/315/79 109/314/79 106/313/79
f 107/320/80 108/319/80 106/318/80 105/317/80
f 112/324/81 107/323/81 105/322/81 110/321/81
f 111/328/82 112/327/82 110/326/82 109/325/82
f 110/332/83 105/331/83 106/330/83 109/329/83
f 111/336/84 108/335/84 107/334/84 112/333/84
o cube
v -2.9488486344871574 0.5047138798122214 -1.1927091209464735
v -3.0728991190504202 0.49386086870803825 -1.181814653103016
v -2.9434014005654285 0.4424517111814872 -1.1927091209464735
v -3.067451885128692 0.43159870007730405 -1.181814653103016
v -3.0728991190504202 0.49386086870803825 -1.181814653103016
v -2.9488486344871574 0.5047138798122214 -1.1927091209464735
v -3.067451885128692 0.43159870007730405 -1.181814653103016
v -2.9434014005654285 0.4424517111814872 -1.1927091209464735
vt 0 1
vt 0 1
vt 0 0.921875
vt 0 0.921875
vt 0.59375 0.40625
vt 0.625 0.40625
vt 0.625 0.328125
vt 0.59375 0.328125
vt 0 1
vt 0 1
vt 0 0.921875
vt 0 0.921875
vt 0.625 1
vt 0.65625 1
vt 0.65625 0.921875
vt 0.625 0.921875
vt 0 0.96875
vt 0 0.96875
vt 0 1
vt 0 1
vt 0 1
vt 0 1
vt 0 0.96875
vt 0 0.96875
vn -0.9924038765061041 -0.08682408883346507 0.08715574274765871
vn -0.08682408883346558 -0.007596123493896004 -0.9961946980917455
vn 0.9924038765061041 0.08682408883346507 -0.08715574274765871
vn 0.08682408883346558 0.007596123493896004 0.9961946980917455
vn -0.08715574274765808 0.9961946980917457 1.734723475976807e-17
vn 0.08715574274765808 -0.9961946980917457 -1.734723475976807e-17
usemtl m_c7e1ee4b-7081-6bcf-5679-c728ca007809
f 116/340/85 119/339/85 117/338/85 114/337/85
f 115/344/86 116/343/86 114/342/86 113/341/86
f 120/348/87 115/347/87 113/346/87 118/345/87
f 119/352/88 120/351/88 118/350/88 117/349/88
f 118/356/89 113/355/89 114/354/89 117/353/89
f 119/360/90 116/359/90 115/358/90 120/357/90
o cube
v -2.7940318510599416 0.4407868393956737 -1.192709444768834
v -2.9180823356232044 0.42993382829149057 -1.1818149769253765
v -2.7559012136078413 0.004951658980535054 -1.192709444768834
v -2.879951698171104 -0.005901352123648078 -1.1818149769253765
v -2.9180823356232044 0.42993382829149057 -1.1818149769253765
v -2.7940318510599416 0.4407868393956737 -1.192709444768834
v -2.879951698171104 -0.005901352123648078 -1.1818149769253765
v -2.7559012136078413 0.004951658980535054 -1.192709444768834
vt 0 1
vt 0 1
vt 0 0.828125
vt 0 0.828125
vt 0 0.65625
vt 0.03125 0.65625
vt 0.03125 0.484375
vt 0 0.484375
vt 0 1
vt 0 1
vt 0 0.828125
vt 0 0.828125
vt 0.34375 1
vt 0.375 1
vt 0.375 0.828125
vt 0.34375 0.828125
vt 0 0.96875
vt 0 0.96875
vt 0 1
vt 0 1
vt 0 1
vt 0 1
vt 0 0.96875
vt 0 0.96875
vn -0.9924038765061041 -0.08682408883346507 0.08715574274765871
vn -0.08682408883346558 -0.007596123493896004 -0.9961946980917455
vn 0.9924038765061041 0.08682408883346507 -0.08715574274765871
vn 0.08682408883346558 0.007596123493896004 0.9961946980917455
vn -0.08715574274765808 0.9961946980917457 1.734723475976807e-17
vn 0.08715574274765808 -0.9961946980917457 -1.734723475976807e-17
usemtl m_c7e1ee4b-7081-6bcf-5679-c728ca007809
f 124/364/91 127/363/91 125/362/91 122/361/91
f 123/368/92 124/367/92 122/366/92 121/365/92
f 128/372/93 123/371/93 121/370/93 126/369/93
f 127/376/94 128/375/94 126/374/94 125/373/94
f 126/380/95 121/379/95 122/378/95 125/377/95
f 127/384/96 124/383/96 123/382/96 128/381/96
o cube
v -2.693244873685419 0.6869974942755764 -1.555412142413008
v -2.8177728241397904 0.6870387932594415 -1.5662651535171912
v -2.6931622757176887 0.4370047206613831 -1.557311173286482
v -2.8176902261720604 0.43704601964524814 -1.568164184390665
v -2.8177728241397904 0.6870387932594415 -1.5662651535171912
v -2.693244873685419 0.6869974942755764 -1.555412142413008
v -2.8176902261720604 0.43704601964524814 -1.568164184390665
v -2.6931622757176887 0.4370047206613831 -1.557311173286482
vt 0 1
vt 0 1
vt 0 0.875
vt 0 0.875
vt 0.53125 0.875
vt 0.5625 0.875
vt 0.5625 0.75
vt 0.53125 0.75
vt 0 1
vt 0 1
vt 0 0.875
vt 0 0.875
vt 0.53125 0.75
vt 0.5625 0.75
vt 0.5625 0.625
vt 0.53125 0.625
vt 0 0.96875
vt 0 0.96875
vt 0 1
vt 0 1
vt 0 1
vt 0 1
vt 0 0.96875
vt 0 0.96875
vn -0.9962236036349723 0.00033039187092043 -0.08682408883346515
vn 0.08682408883346512 0.007596123493895989 -0.9961946980917455
vn 0.9962236036349723 -0.00033039187092043 0.08682408883346515
vn -0.08682408883346512 -0.007596123493895989 0.9961946980917455
vn -0.00033039187092044983 0.9999710944567733 0.007596123493895986
vn 0.00033039187092044983 -0.9999710944567733 -0.007596123493895986
usemtl m_c7e1ee4b-7081-6bcf-5679-c728ca007809
f 132/388/97 135/387/97 133/386/97 130/385/97
f 131/392/98 132/391/98 130/390/98 129/389/98
f 136/396/99 131/395/99 129/394/99 134/393/99
f 135/400/100 136/399/100 134/398/100 133/397/100
f 134/404/101 129/403/101 130/402/101 133/401/101
f 135/408/102 132/407/102 131/406/102 136/405/102
o cube
v -2.5683069211724625 0.4369922505464237 -1.5539878251471044
v -2.692834871626834 0.4370335495302888 -1.5648408362512876
v -2.568162374728935 -0.0004951032784145877 -1.5573111291756838
v -2.6926903251833063 -0.00045380429454953367 -1.568164140279867
v -2.692834871626834 0.4370335495302888 -1.5648408362512876
v -2.5683069211724625 0.4369922505464237 -1.5539878251471044
v -2.6926903251833063 -0.00045380429454953367 -1.568164140279867
v -2.568162374728935 -0.0004951032784145877 -1.5573111291756838
vt 0 1
vt 0 1
vt 0 0.828125
vt 0 0.828125
vt 0.3125 1
vt 0.34375 1
vt 0.34375 0.828125
vt 0.3125 0.828125
vt 0 1
vt 0 1
vt 0 0.828125
vt 0 0.828125
vt 0.3125 0.828125
vt 0.34375 0.828125
vt 0.34375 0.65625
vt 0.3125 0.65625
vt 0 0.96875
vt 0 0.96875
vt 0 1
vt 0 1
vt 0 1
vt 0 1
vt 0 0.96875
vt 0 0.96875
vn -0.9962236036349723 0.00033039187092043 -0.08682408883346515
vn 0.08682408883346512 0.007596123493895989 -0.9961946980917455
vn 0.9962236036349723 -0.00033039187092043 0.08682408883346515
vn -0.08682408883346512 -0.007596123493895989 0.9961946980917455
vn -0.00033039187092044983 0.9999710944567733 0.007596123493895986
vn 0.00033039187092044983 -0.9999710944567733 -0.007596123493895986
usemtl m_c7e1ee4b-7081-6bcf-5679-c728ca007809
f 140/412/103 143/411/103 141/410/103 138/409/103
f 139/416/104 140/415/104 138/414/104 137/413/104
f 144/420/105 139/419/105 137/418/105 142/417/105
f 143/424/106 144/423/106 142/422/106 141/421/106
f 142/428/107 137/427/107 138/426/107 141/425/107
f 143/432/108 140/431/108 139/430/108 144/429/108
o cube
v -2.5683069211724625 0.4369922505464237 -1.1960121748528958
v -2.6928348716268338 0.4370335495302888 -1.1851591637487124
v -2.5681623747289346 -0.000495103278414586 -1.1926888708243162
v -2.6926903251833063 -0.00045380429454953194 -1.181835859720133
v -2.6928348716268338 0.4370335495302888 -1.1851591637487124
v -2.5683069211724625 0.4369922505464237 -1.1960121748528958
v -2.6926903251833063 -0.00045380429454953194 -1.181835859720133
v -2.5681623747289346 -0.000495103278414586 -1.1926888708243162
vt 0 1
vt 0 1
vt 0 0.828125
vt 0 0.828125
vt 0.28125 1
vt 0.3125 1
vt 0.3125 0.828125
vt 0.28125 0.828125
vt 0 1
vt 0 1
vt 0 0.828125
vt 0 0.828125
vt 0.28125 0.828125
vt 0.3125 0.828125
vt 0.3125 0.65625
vt 0.28125 0.65625
vt 0 0.96875
vt 0 0.96875
vt 0 1
vt 0 1
vt 0 1
vt 0 1
vt 0 0.96875
vt 0 0.96875
vn -0.9962236036349723 0.00033039187092043465 0.0868240888334657
vn -0.08682408883346568 -0.007596123493896 -0.9961946980917455
vn 0.9962236036349723 -0.00033039187092043465 -0.0868240888334657
vn 0.08682408883346568 0.007596123493896 0.9961946980917455
vn -0.0003303918709204544 0.9999710944567733 -0.007596123493895997
vn 0.0003303918709204544 -0.9999710944567733 0.007596123493895997
usemtl m_c7e1ee4b-7081-6bcf-5679-c728ca007809
f 148/436/109 151/435/109 149/434/109 146/433/109
f 147/440/110 148/439/110 146/438/110 145/437/110
f 152/444/111 147/443/111 145/442/111 150/441/111
f 151/448/112 152/447/112 150/446/112 149/445/112
f 150/452/113 145/451/113 146/450/113 149/449/113
f 151/456/114 148/455/114 147/454/114 152/453/114
o cube
v -2.9488486344871574 0.5047138798122212 -1.5572908790535265
v -3.0728991190504207 0.493860868708038 -1.5681853468969837
v -2.943401400565429 0.44245171118148696 -1.5572908790535265
v -3.067451885128692 0.43159870007730383 -1.5681853468969837
v -3.0728991190504207 0.493860868708038 -1.5681853468969837
v -2.9488486344871574 0.5047138798122212 -1.5572908790535265
v -3.067451885128692 0.43159870007730383 -1.5681853468969837
v -2.943401400565429 0.44245171118148696 -1.5572908790535265
vt 0 1
vt 0 1
vt 0 0.921875
vt 0 0.921875
vt 0.46875 0.40625
vt 0.5 0.40625
vt 0.5 0.328125
vt 0.46875 0.328125
vt 0 1
vt 0 1
vt 0 0.921875
vt 0 0.921875
vt 0.59375 0.484375
vt 0.625 0.484375
vt 0.625 0.40625
vt 0.59375 0.40625
vt 0 0.96875
vt 0 0.96875
vt 0 1
vt 0 1
vt 0 1
vt 0 1
vt 0 0.96875
vt 0 0.96875
vn -0.9924038765061041 -0.08682408883346517 -0.08715574274765826
vn 0.08682408883346536 0.007596123493895979 -0.9961946980917455
vn 0.9924038765061041 0.08682408883346517 0.08715574274765826
vn -0.08682408883346536 -0.007596123493895979 0.9961946980917455
vn -0.08715574274765818 0.9961946980917455 4.336808689942018e-18
vn 0.08715574274765818 -0.9961946980917455 -4.336808689942018e-18
usemtl m_c7e1ee4b-7081-6bcf-5679-c728ca007809
f 156/460/115 159/459/115 157/458/115 154/457/115
f 155/464/116 156/463/116 154/462/116 153/461/116
f 160/468/117 155/467/117 153/466/117 158/465/117
f 159/472/118 160/471/118 158/470/118 157/469/118
f 158/476/119 153/475/119 154/474/119 157/473/119
f 159/480/120 156/479/120 155/478/120 160/477/120
o cube
v -3.0444454938099748 0.36707573435899227 -1.4525090570023145
v -3.0174934943272045 0.3694337287730912 -1.574546057892306
v -3.011762090279603 -0.006497277425412364 -1.4525090570023145
v -2.9848100907968327 -0.004139283011313397 -1.574546057892306
v -3.0174934943272045 0.3694337287730912 -1.574546057892306
v -3.0444454938099748 0.36707573435899227 -1.4525090570023145
v -2.9848100907968327 -0.004139283011313397 -1.574546057892306
v -3.011762090279603 -0.006497277425412364 -1.4525090570023145
vt 0 1
vt 0 1
vt 0 0.84375
vt 0 0.84375
vt 0.4375 1
vt 0.46875 1
vt 0.46875 0.84375
vt 0.4375 0.84375
vt 0 1
vt 0 1
vt 0 0.84375
vt 0 0.84375
vt 0.4375 0.84375
vt 0.46875 0.84375
vt 0.46875 0.6875
vt 0.4375 0.6875
vt 0 0.96875
vt 0 0.96875
vt 0 1
vt 0 1
vt 0 1
vt 0 1
vt 0 0.96875
vt 0 0.96875
vn 0.21561599586216235 0.01886395531279175 -0.9762960071199334
vn 0.9725809060610187 0.08508980364211079 0.2164396139381029
vn -0.21561599586216235 -0.01886395531279175 0.9762960071199334
vn -0.9725809060610187 -0.08508980364211079 -0.2164396139381029
vn -0.0871557427476582 0.9961946980917457 0
vn 0.0871557427476582 -0.9961946980917457 0
usemtl m_c7e1ee4b-7081-6bcf-5679-c728ca007809
f 164/484/121 167/483/121 165/482/121 162/481/121
f 163/488/122 164/487/122 162/486/122 161/485/122
f 168/492/123 163/491/123 161/490/123 166/489/123
f 167/496/124 168/495/124 166/494/124 165/493/124
f 166/500/125 161/499/125 162/498/125 165/497/125
f 167/504/126 164/503/126 163/502/126 168/501/126
o cube
v -2.6932448736854186 0.6869974942755764 -1.194587857586992
v -2.8177728241397904 0.6870387932594415 -1.1837348464828088
v -2.6931622757176887 0.4370047206613831 -1.192688826713518
v -2.8176902261720604 0.43704601964524814 -1.1818358156093347
v -2.8177728241397904 0.6870387932594415 -1.1837348464828088
v -2.6932448736854186 0.6869974942755764 -1.194587857586992
v -2.8176902261720604 0.43704601964524814 -1.1818358156093347
v -2.6931622757176887 0.4370047206613831 -1.192688826713518
vt 0 1
vt 0 1
vt 0 0.875
vt 0 0.875
vt 0.21875 0.484375
vt 0.25 0.484375
vt 0.25 0.359375
vt 0.21875 0.359375
vt 0 1
vt 0 1
vt 0 0.875
vt 0 0.875
vt 0.53125 1
vt 0.5625 1
vt 0.5625 0.875
vt 0.53125 0.875
vt 0 0.96875
vt 0 0.96875
vt 0 1
vt 0 1
vt 0 1
vt 0 1
vt 0 0.96875
vt 0 0.96875
vn -0.9962236036349723 0.00033039187092043465 0.0868240888334657
vn -0.08682408883346568 -0.007596123493896 -0.9961946980917455
vn 0.9962236036349723 -0.00033039187092043465 -0.0868240888334657
vn 0.08682408883346568 0.007596123493896 0.9961946980917455
vn -0.0003303918709204544 0.9999710944567733 -0.007596123493895997
vn 0.0003303918709204544 -0.9999710944567733 0.007596123493895997
usemtl m_c7e1ee4b-7081-6bcf-5679-c728ca007809
f 172/508/127 175/507/127 173/506/127 170/505/127
f 171/512/128 172/511/128 170/510/128 169/509/128
f 176/516/129 171/515/129 169/514/129 174/513/129
f 175/520/130 176/519/130 174/518/130 173/517/130
f 174/524/131 169/523/131 170/522/131 173/521/131
f 175/528/132 172/527/132 171/526/132 176/525/132
o cube
v -3.0444454938099748 0.36707573435899227 -1.2974909429976855
v -3.0174934943272045 0.3694337287730912 -1.175453942107694
v -3.011762090279603 -0.006497277425412368 -1.2974909429976855
v -2.9848100907968327 -0.004139283011313383 -1.175453942107694
v -3.0174934943272045 0.3694337287730912 -1.175453942107694
v -3.0444454938099748 0.36707573435899227 -1.2974909429976855
v -2.9848100907968327 -0.004139283011313383 -1.175453942107694
v -3.011762090279603 -0.006497277425412368 -1.2974909429976855
vt 0 1
vt 0 1
vt 0 0.84375
vt 0 0.84375
vt 0.40625 0.84375
vt 0.4375 0.84375
vt 0.4375 0.6875
vt 0.40625 0.6875
vt 0 1
vt 0 1
vt 0 0.84375
vt 0 0.84375
vt 0.40625 0.6875
vt 0.4375 0.6875
vt 0.4375 0.53125
vt 0.40625 0.53125
vt 0 0.96875
vt 0 0.96875
vt 0 1
vt 0 1
vt 0 1
vt 0 1
vt 0 0.96875
vt 0 0.96875
vn 0.21561599586216235 0.01886395531279187 0.9762960071199334
vn -0.9725809060610187 -0.08508980364211079 0.21643961393810288
vn -0.21561599586216235 -0.01886395531279187 -0.9762960071199334
vn 0.9725809060610187 0.08508980364211079 -0.21643961393810288
vn -0.08715574274765822 0.9961946980917457 -1.2490009027033009e-16
vn 0.08715574274765822 -0.9961946980917457 1.2490009027033009e-16
usemtl m_c7e1ee4b-7081-6bcf-5679-c728ca007809
f 180/532/133 183/531/133 181/530/133 178/529/133
f 179/536/134 180/535/134 178/534/134 177/533/134
f 184/540/135 179/539/135 177/538/135 182/537/135
f 183/544/136 184/543/136 182/542/136 181/541/136
f 182/548/137 177/547/137 178/546/137 181/545/137
f 183/552/138 180/551/138 179/550/138 184/549/138
o cube
v -3.153413476625268 0.20705206720740432 -1.3125
v -3.0379285350613574 0.2548874962530405 -1.3125
v -3.0577426185339958 -0.023917815920417335 -1.3125
v -2.942257676970085 0.02391761312521888 -1.3125
v -3.0379285350613574 0.2548874962530405 -1.3125
v -3.153413476625268 0.20705206720740432 -1.3125
v -2.942257676970085 0.02391761312521888 -1.3125
v -3.0577426185339958 -0.023917815920417335 -1.3125
vt 0 1
vt 0 1
vt 0 0.875
vt 0 0.875
vt 0.15625 0.484375
vt 0.1875 0.484375
vt 0.1875 0.359375
vt 0.15625 0.359375
vt 0 1
vt 0 1
vt 0 0.875
vt 0 0.875
vt 0.1875 0.484375
vt 0.21875 0.484375
vt 0.21875 0.359375
vt 0.1875 0.359375
vt 0 0.96875
vt 0 0.96875
vt 0 1
vt 0 1
vt 0 1
vt 0 1
vt 0 0.96875
vt 0 0.96875
vn 0.9238795325112868 0.3826834323650897 -2.370072626263643e-16
vn 1.9452086685093367e-16 1.1061559977521022e-16 1
vn -0.9238795325112868 -0.3826834323650897 2.370072626263643e-16
vn -1.9452086685093367e-16 -1.1061559977521022e-16 -1
vn -0.3826834323650897 0.9238795325112867 8.044366877814565e-18
vn 0.3826834323650897 -0.9238795325112867 -8.044366877814565e-18
usemtl m_c7e1ee4b-7081-6bcf-5679-c728ca007809
f 188/556/139 191/555/139 189/554/139 186/553/139
f 187/560/140 188/559/140 186/558/140 185/557/140
f 192/564/141 187/563/141 185/562/141 190/561/141
f 191/568/142 192/567/142 190/566/142 189/565/142
f 190/572/143 185/571/143 186/570/143 189/569/143
f 191/576/144 188/575/144 187/574/144 192/573/144
o cube
v -2.951255213101646 -0.006671292784604602 -1.330805966914285
v -2.8309739397392635 0.003851955069066562 -1.29845358627647
v -2.951255213101646 -0.006671292784604602 -1.330805966914285
v -2.8309739397392635 0.003851955069066562 -1.29845358627647
v -2.8309739397392635 0.003851955069066562 -1.29845358627647
v -2.951255213101646 -0.006671292784604602 -1.330805966914285
v -2.8309739397392635 0.003851955069066562 -1.29845358627647
v -2.951255213101646 -0.006671292784604602 -1.330805966914285
vt 0 1
vt 0 1
vt 0 0.9375
vt 0 0.9375
vt 0.625 0.4375
vt 0.65625 0.4375
vt 0.65625 0.375
vt 0.625 0.375
vt 0 1
vt 0 1
vt 0 0.9375
vt 0 0.9375
vt 0.625 0.375
vt 0.65625 0.375
vt 0.65625 0.3125
vt 0.625 0.3125
vt 0 0.96875
vt 0 0.96875
vt 0 1
vt 0 1
vt 0 1
vt 0 1
vt 0 0.96875
vt 0 0.96875
vn 0.9622501868990584 0.08418598282936934 0.2588190451025207
vn -0.25783416049629954 -0.02255756611314984 0.9659258262890683
vn -0.9622501868990584 -0.08418598282936934 -0.2588190451025207
vn 0.25783416049629954 0.02255756611314984 -0.9659258262890683
vn -0.08715574274765832 0.9961946980917457 -2.7755575615628914e-17
vn 0.08715574274765832 -0.9961946980917457 2.7755575615628914e-17
usemtl m_c7e1ee4b-7081-6bcf-5679-c728ca007809
f 196/580/145 199/579/145 197/578/145 194/577/145
f 195/584/146 196/583/146 194/582/146 193/581/146
f 200/588/147 195/587/147 193/586/147 198/585/147
f 199/592/148 200/591/148 198/590/148 197/589/148
f 198/596/149 193/595/149 194/594/149 197/593/149
f 199/600/150 196/599/150 195/598/150 200/597/150
o cube
v -2.951255213101646 -0.0066712927846045746 -1.419194033085715
v -2.8309739397392635 0.0038519550690665778 -1.45154641372353
v -2.951255213101646 -0.0066712927846045746 -1.419194033085715
v -2.8309739397392635 0.0038519550690665778 -1.45154641372353
v -2.8309739397392635 0.0038519550690665778 -1.45154641372353
v -2.951255213101646 -0.0066712927846045746 -1.419194033085715
v -2.8309739397392635 0.0038519550690665778 -1.45154641372353
v -2.951255213101646 -0.0066712927846045746 -1.419194033085715
vt 0 1
vt 0 1
vt 0 0.9375
vt 0 0.9375
vt 0.53125 0.375
vt 0.5625 0.375
vt 0.5625 0.3125
vt 0.53125 0.3125
vt 0 1
vt 0 1
vt 0 0.9375
vt 0 0.9375
vt 0.5625 0.375
vt 0.59375 0.375
vt 0.59375 0.3125
vt 0.5625 0.3125
vt 0 0.96875
vt 0 0.96875
vt 0 1
vt 0 1
vt 0 1
vt 0 1
vt 0 0.96875
vt 0 0.96875
vn 0.9622501868990584 0.0841859828293692 -0.2588190451025206
vn 0.2578341604962994 0.022557566113149834 0.9659258262890683
vn -0.9622501868990584 -0.0841859828293692 0.2588190451025206
vn -0.2578341604962994 -0.022557566113149834 -0.9659258262890683
vn -0.0871557427476582 0.9961946980917457 -1.3877787807814457e-17
vn 0.0871557427476582 -0.9961946980917457 1.3877787807814457e-17
usemtl m_c7e1ee4b-7081-6bcf-5679-c728ca007809
f 204/604/151 207/603/151 205/602/151 202/601/151
f 203/608/152 204/607/152 202/606/152 201/605/152
f 208/612/153 203/611/153 201/610/153 206/609/153
f 207/616/154 208/615/154 206/614/154 205/613/154
f 206/620/155 201/619/155 202/618/155 205/617/155
f 207/624/156 204/623/156 203/622/156 208/621/156
o cube
v -2.7940318510599416 0.4407868393956737 -1.557290555231166
v -2.918082335623205 0.42993382829149057 -1.5681850230746233
v -2.7559012136078413 0.004951658980535044 -1.557290555231166
v -2.879951698171104 -0.0059013521236481025 -1.5681850230746233
v -2.918082335623205 0.42993382829149057 -1.5681850230746233
v -2.7940318510599416 0.4407868393956737 -1.557290555231166
v -2.879951698171104 -0.0059013521236481025 -1.5681850230746233
v -2.7559012136078413 0.004951658980535044 -1.557290555231166
vt 0 1
vt 0 1
vt 0 0.828125
vt 0 0.828125
vt 0.25 1
vt 0.28125 1
vt 0.28125 0.828125
vt 0.25 0.828125
vt 0 1
vt 0 1
vt 0 0.828125
vt 0 0.828125
vt 0.25 0.828125
vt 0.28125 0.828125
vt 0.28125 0.65625
vt 0.25 0.65625
vt 0 0.96875
vt 0 0.96875
vt 0 1
vt 0 1
vt 0 1
vt 0 1
vt 0 0.96875
vt 0 0.96875
vn -0.9924038765061041 -0.08682408883346517 -0.08715574274765826
vn 0.08682408883346536 0.007596123493895979 -0.9961946980917455
vn 0.9924038765061041 0.08682408883346517 0.08715574274765826
vn -0.08682408883346536 -0.007596123493895979 0.9961946980917455
vn -0.08715574274765818 0.9961946980917455 4.336808689942018e-18
vn 0.08715574274765818 -0.9961946980917455 -4.336808689942018e-18
usemtl m_c7e1ee4b-7081-6bcf-5679-c728ca007809
f 212/628/157 215/627/157 213/626/157 210/625/157
f 211/632/158 212/631/158 210/630/158 209/629/158
f 216/636/159 211/635/159 209/634/159 214/633/159
