# Made in Blockbench 4.12.6
mtllib Grass.mtl

o cube
v -2.875 0.43802195033522595 2.8134156652834594
v -2.875 0.48585737938086215 2.92890060684737
v -2.875 -0.023917815920417418 3.0047573814660042
v -2.875 0.023917613125218826 3.120242323029915
v -2.875 0.48585737938086215 2.92890060684737
v -2.875 0.43802195033522595 2.8134156652834594
v -2.875 0.023917613125218826 3.120242323029915
v -2.875 -0.023917815920417418 3.0047573814660042
vt 0 1
vt 0 1
vt 0 0.875
vt 0 0.875
vt 0.375 0.53125
vt 0.40625 0.53125
vt 0.40625 0.40625
vt 0.375 0.40625
vt 0 1
vt 0 1
vt 0 0.875
vt 0 0.875
vt 0.40625 0.53125
vt 0.4375 0.53125
vt 0.4375 0.40625
vt 0.40625 0.40625
vt 0 0.96875
vt 0 0.96875
vt 0 1
vt 0 1
vt 0 1
vt 0 1
vt 0 0.96875
vt 0 0.96875
vn 4.6865204053263e-17 0.3826834323650899 0.9238795325112867
vn -1 1.2246467991473532e-16 -6.162975822039155e-33
vn -4.6865204053263e-17 -0.3826834323650899 -0.9238795325112867
vn 1 -1.2246467991473532e-16 6.162975822039155e-33
vn 1.1314261122877003e-16 0.9238795325112867 -0.3826834323650899
vn -1.1314261122877003e-16 -0.9238795325112867 0.3826834323650899
usemtl m_c7e1ee4b-7081-6bcf-5679-c728ca007809
f 4/4/1 7/3/1 5/2/1 2/1/1
f 3/8/2 4/7/2 2/6/2 1/5/2
f 8/12/3 3/11/3 1/10/3 6/9/3
f 7/16/4 8/15/4 6/14/4 5/13/4
f 6/20/5 1/19/5 2/18/5 5/17/5
f 7/24/6 4/23/6 3/22/6 8/21/6
o cube
v -2.9947904708251287 0.6898354175382209 3.1841791091539546
v -3.005684948826705 0.6789824104914106 3.060128625127833
v -2.9947904697250367 0.004951560669355978 3.2440986602239383
v -3.0056849477266128 -0.005901446377454239 3.120048176197817
v -3.005684948826705 0.6789824104914106 3.060128625127833
v -2.9947904708251287 0.6898354175382209 3.1841791091539546
v -3.0056849477266128 -0.005901446377454239 3.120048176197817
v -2.9947904697250367 0.004951560669355978 3.2440986602239383
vt 0 1
vt 0 1
vt 0 0.828125
vt 0 0.828125
vt 0 1
vt 0.03125 1
vt 0.03125 0.828125
vt 0 0.828125
vt 0 1
vt 0 1
vt 0 0.828125
vt 0 0.828125
vt 0.03125 1
vt 0.0625 1
vt 0.0625 0.828125
vt 0.03125 0.828125
vt 0 0.96875
vt 0 0.96875
vt 0 1
vt 0 1
vt 0 1
vt 0 1
vt 0 0.96875
vt 0 0.96875
vn -0.0871558240126092 -0.08682405637448172 -0.9924038722089732
vn 0.9961946909819803 -0.00759612619088661 -0.08682417017287893
vn 0.0871558240126092 0.08682405637448172 0.9924038722089732
vn -0.9961946909819803 0.00759612619088661 0.08682417017287893
vn -1.6001337642054803e-9 0.9961947009001669 -0.08715571064724933
vn 1.6001337642054803e-9 -0.9961947009001669 0.08715571064724933
usemtl m_c7e1ee4b-7081-6bcf-5679-c728ca007809
f 12/28/7 15/27/7 13/26/7 10/25/7
f 11/32/8 12/31/8 10/30/8 9/29/8
f 16/36/9 11/35/9 9/34/9 14/33/9
f 15/40/10 16/39/10 14/38/10 13/37/10
f 14/44/11 9/43/11 10/42/11 13/41/11
f 15/48/12 12/47/12 11/46/12 16/45/12
o cube
v -2.856694109792739 0.24237728635408523 3.02695584994991
v -2.889046494895159 0.2529005374554559 3.147237121827298
v -2.856694124545655 -0.006671387906172582 3.048744788639249
v -2.8890465096480753 0.0038518631951980457 3.169026060516637
v -2.889046494895159 0.2529005374554559 3.147237121827298
v -2.856694109792739 0.24237728635408523 3.02695584994991
v -2.8890465096480753 0.0038518631951980457 3.169026060516637
v -2.856694124545655 -0.006671387906172582 3.048744788639249
vt 0 1
vt 0 1
vt 0 0.9375
vt 0 0.9375
vt 0.28125 0.375
vt 0.3125 0.375
vt 0.3125 0.3125
vt 0.28125 0.3125
vt 0 1
vt 0 1
vt 0 0.9375
vt 0 0.9375
vt 0.3125 0.375
vt 0.34375 0.375
vt 0.34375 0.3125
vt 0.3125 0.3125
vt 0 0.96875
vt 0 0.96875
vt 0 1
vt 0 1
vt 0 1
vt 0 1
vt 0 0.96875
vt 0 0.96875
vn -0.2588190808193606 0.08418600881096501 0.9622501750191066
vn -0.9659258167187675 -0.022557515550431465 -0.2578342007732378
vn 0.2588190808193606 -0.08418600881096501 -0.9622501750191066
vn 0.9659258167187675 0.022557515550431465 0.2578342007732378
vn 5.901166501981471e-8 0.9961946970410314 -0.08715575475735583
vn -5.901166501981471e-8 -0.9961946970410314 0.08715575475735583
usemtl m_c7e1ee4b-7081-6bcf-5679-c728ca007809
f 20/52/13 23/51/13 21/50/13 18/49/13
f 19/56/14 20/55/14 18/54/14 17/53/14
f 24/60/15 19/59/15 17/58/15 22/57/15
f 23/64/16 24/63/16 22/62/16 21/61/16
f 22/68/17 17/67/17 18/66/17 21/65/17
f 23/72/18 20/71/18 19/70/18 24/69/18
o cube
v -2.768305890207261 0.24237728635408523 3.02695584994991
v -2.735953505104841 0.2529005374554559 3.147237121827298
v -2.768305875454345 -0.006671387906172582 3.048744788639249
v -2.7359534903519247 0.0038518631951980457 3.169026060516637
v -2.735953505104841 0.2529005374554559 3.147237121827298
v -2.768305890207261 0.24237728635408523 3.02695584994991
v -2.7359534903519247 0.0038518631951980457 3.169026060516637
v -2.768305875454345 -0.006671387906172582 3.048744788639249
vt 0 1
vt 0 1
vt 0 0.9375
vt 0 0.9375
vt 0.625 0.6875
vt 0.65625 0.6875
vt 0.65625 0.625
vt 0.625 0.625
vt 0 1
vt 0 1
vt 0 0.9375
vt 0 0.9375
vt 0.34375 0.375
vt 0.375 0.375
vt 0.375 0.3125
vt 0.34375 0.3125
vt 0 0.96875
vt 0 0.96875
vt 0 1
vt 0 1
vt 0 1
vt 0 1
vt 0 0.96875
vt 0 0.96875
vn 0.2588190808193606 0.08418600881096501 0.9622501750191066
vn -0.9659258167187675 0.022557515550431465 0.2578342007732378
vn -0.2588190808193606 -0.08418600881096501 -0.9622501750191066
vn 0.9659258167187675 -0.022557515550431465 -0.2578342007732378
vn -5.901166501981471e-8 0.9961946970410314 -0.08715575475735583
vn 5.901166501981471e-8 -0.9961946970410314 0.08715575475735583
usemtl m_c7e1ee4b-7081-6bcf-5679-c728ca007809
f 28/76/19 31/75/19 29/74/19 26/73/19
f 27/80/20 28/79/20 26/78/20 25/77/20
f 32/84/21 27/83/21 25/82/21 30/81/21
f 31/88/22 32/87/22 30/86/22 29/85/22
f 30/92/23 25/91/23 26/90/23 29/89/23
f 31/96/24 28/95/24 27/94/24 32/93/24
o cube
v -2.75 0.43802195033522595 2.8134156652834594
v -2.75 0.48585737938086215 2.92890060684737
v -2.75 -0.023917815920417418 3.0047573814660042
v -2.75 0.023917613125218826 3.120242323029915
v -2.75 0.48585737938086215 2.92890060684737
v -2.75 0.43802195033522595 2.8134156652834594
v -2.75 0.023917613125218826 3.120242323029915
v -2.75 -0.023917815920417418 3.0047573814660042
vt 0 1
vt 0 1
vt 0 0.875
vt 0 0.875
vt 0.4375 0.53125
vt 0.46875 0.53125
vt 0.46875 0.40625
vt 0.4375 0.40625
vt 0 1
vt 0 1
vt 0 0.875
vt 0 0.875
vt 0.46875 0.53125
vt 0.5 0.53125
vt 0.5 0.40625
vt 0.46875 0.40625
vt 0 0.96875
vt 0 0.96875
vt 0 1
vt 0 1
vt 0 1
vt 0 1
vt 0 0.96875
vt 0 0.96875
vn 4.6865204053263e-17 0.3826834323650899 0.9238795325112867
vn -1 1.2246467991473532e-16 -6.162975822039155e-33
vn -4.6865204053263e-17 -0.3826834323650899 -0.9238795325112867
vn 1 -1.2246467991473532e-16 6.162975822039155e-33
vn 1.1314261122877003e-16 0.9238795325112867 -0.3826834323650899
vn -1.1314261122877003e-16 -0.9238795325112867 0.3826834323650899
usemtl m_c7e1ee4b-7081-6bcf-5679-c728ca007809
f 36/100/25 39/99/25 37/98/25 34/97/25
f 35/104/26 36/103/26 34/102/26 33/101/26
f 40/108/27 35/107/27 33/106/27 38/105/27
f 39/112/28 40/111/28 38/110/28 37/109/28
f 38/116/29 33/115/29 34/114/29 37/113/29
f 39/120/30 36/119/30 35/118/30 40/117/30
o cube
v -2.7349909163210486 0.6161243285749244 2.933765705006175
v -2.612953916143162 0.6184823389668137 2.9607177063154326
v -2.7349908382660466 -0.006497356691799947 2.988238056117706
v -2.6129538380881603 -0.004139346299910621 3.0151900574269637
v -2.612953916143162 0.6184823389668137 2.9607177063154326
v -2.7349909163210486 0.6161243285749244 2.933765705006175
v -2.6129538380881603 -0.004139346299910621 3.0151900574269637
v -2.7349908382660466 -0.006497356691799947 2.988238056117706
vt 0 1
vt 0 1
vt 0 0.84375
vt 0 0.84375
vt 0.25 0.65625
vt 0.28125 0.65625
vt 0.28125 0.5
vt 0.25 0.5
vt 0 1
vt 0 1
vt 0 0.84375
vt 0 0.84375
vt 0.28125 0.65625
vt 0.3125 0.65625
vt 0.3125 0.5
vt 0.28125 0.5
vt 0 0.96875
vt 0 0.96875
vt 0 1
vt 0 1
vt 0 1
vt 0 1
vt 0 0.96875
vt 0 0.96875
vn 0.9762960014230937 0.018864083135114597 0.2156160104740607
vn -0.21643963963484877 0.08508979479743109 0.9725809011162352
vn -0.9762960014230937 -0.018864083135114597 -0.2156160104740607
vn 0.21643963963484877 -0.08508979479743109 -0.9725809011162352
vn -1.2488800275531345e-7 0.9961946964267592 -0.08715576177844957
vn 1.2488800275531345e-7 -0.9961946964267592 0.08715576177844957
usemtl m_c7e1ee4b-7081-6bcf-5679-c728ca007809
f 44/124/31 47/123/31 45/122/31 42/121/31
f 43/128/32 44/127/32 42/126/32 41/125/32
f 48/132/33 43/131/33 41/130/33 46/129/33
f 47/136/34 48/135/34 46/134/34 45/133/34
f 46/140/35 41/139/35 42/138/35 45/137/35
f 47/144/36 44/143/36 43/142/36 48/141/36
o cube
v -2.6339869822931767 1.1869902233001117 3.3066723973678243
v -2.623133961052097 1.1870315263565063 3.182144447798267
v -2.6301889178018976 0.687004676087351 3.306837577501416
v -2.619335896560818 0.6870459791437458 3.1823096279318586
v -2.623133961052097 1.1870315263565063 3.182144447798267
v -2.6339869822931767 1.1869902233001117 3.3066723973678243
v -2.619335896560818 0.6870459791437458 3.1823096279318586
v -2.6301889178018976 0.687004676087351 3.306837577501416
vt 0 1
vt 0 1
vt 0 0.875
vt 0 0.875
vt 0.5 1
vt 0.53125 1
vt 0.53125 0.875
vt 0.5 0.875
vt 0 1
vt 0 1
vt 0 0.875
vt 0 0.875
vt 0.5 0.875
vt 0.53125 0.875
vt 0.53125 0.75
vt 0.5 0.75
vt 0 0.96875
vt 0 0.96875
vt 0 1
vt 0 1
vt 0 1
vt 0 1
vt 0 0.96875
vt 0 0.96875
vn 0.08682416992863941 0.0003304244511577016 -0.9962235965564583
vn 0.9961946909819802 0.007596126190886613 0.08682417017287893
vn -0.08682416992863941 -0.0003304244511577016 0.9962235965564583
vn -0.9961946909819802 -0.007596126190886613 -0.08682417017287893
vn -0.007596128982558366 0.999971094425521 -0.0003303602671829906
vn 0.007596128982558366 -0.999971094425521 0.0003303602671829906
usemtl m_c7e1ee4b-7081-6bcf-5679-c728ca007809
f 52/148/37 55/147/37 53/146/37 50/145/37
f 51/152/38 52/151/38 50/150/38 49/149/38
f 56/156/39 51/155/39 49/154/39 54/153/39
f 55/160/40 56/159/40 54/158/40 53/157/40
f 54/164/41 49/163/41 50/162/41 53/161/41
f 55/168/42 52/167/42 51/166/42 56/165/42
o cube
v -2.8900090836789514 0.6161243285749244 2.933765705006175
v -3.012046083856838 0.6184823389668137 2.9607177063154326
v -2.8900091617339534 -0.006497356691799947 2.988238056117706
v -3.0120461619118397 -0.004139346299910621 3.0151900574269637
v -3.012046083856838 0.6184823389668137 2.9607177063154326
v -2.8900090836789514 0.6161243285749244 2.933765705006175
v -3.0120461619118397 -0.004139346299910621 3.0151900574269637
v -2.8900091617339534 -0.006497356691799947 2.988238056117706
vt 0 1
vt 0 1
vt 0 0.84375
vt 0 0.84375
vt 0.3125 0.65625
vt 0.34375 0.65625
vt 0.34375 0.5
vt 0.3125 0.5
vt 0 1
vt 0 1
vt 0 0.84375
vt 0 0.84375
vt 0.34375 0.65625
vt 0.375 0.65625
vt 0.375 0.5
vt 0.34375 0.5
vt 0 0.96875
vt 0 0.96875
vt 0 1
vt 0 1
vt 0 1
vt 0 1
vt 0 0.96875
vt 0 0.96875
vn -0.9762960014230937 0.018864083135114597 0.2156160104740607
vn -0.21643963963484877 -0.08508979479743109 -0.9725809011162352
vn 0.9762960014230937 -0.018864083135114597 -0.2156160104740607
vn 0.21643963963484877 0.08508979479743109 0.9725809011162352
vn 1.2488800275531345e-7 0.9961946964267592 -0.08715576177844957
vn -1.2488800275531345e-7 -0.9961946964267592 0.08715576177844957
usemtl m_c7e1ee4b-7081-6bcf-5679-c728ca007809
f 60/172/43 63/171/43 61/170/43 58/169/43
f 59/176/44 60/175/44 58/174/44 57/173/44
f 64/180/45 59/179/45 57/178/45 62/177/45
f 63/184/46 64/183/46 62/182/46 61/181/46
f 62/188/47 57/187/47 58/186/47 61/185/47
f 63/192/48 60/191/48 59/190/48 64/189/48
o cube
v -2.994790805518726 1.0037624629434354 3.0293623358424453
v -3.005685283520302 0.9929094558966252 2.905311851816324
v -2.994790805018684 0.692451618912133 3.0565984954197107
v -3.0056852830202603 0.6815986118653228 2.9325480113935893
v -3.005685283520302 0.9929094558966252 2.905311851816324
v -2.994790805518726 1.0037624629434354 3.0293623358424453
v -3.0056852830202603 0.6815986118653228 2.9325480113935893
v -2.994790805018684 0.692451618912133 3.0565984954197107
vt 0 1
vt 0 1
vt 0 0.921875
vt 0 0.921875
vt 0.59375 0.875
vt 0.625 0.875
vt 0.625 0.796875
vt 0.59375 0.796875
vt 0 1
vt 0 1
vt 0 0.921875
vt 0 0.921875
vt 0.59375 0.796875
vt 0.625 0.796875
vt 0.625 0.71875
vt 0.59375 0.71875
vt 0 0.96875
vt 0 0.96875
vt 0 1
vt 0 1
vt 0 1
vt 0 1
vt 0 0.96875
vt 0 0.96875
vn -0.0871558240126092 -0.08682405637448172 -0.9924038722089732
vn 0.9961946909819803 -0.00759612619088661 -0.08682417017287893
vn 0.0871558240126092 0.08682405637448172 0.9924038722089732
vn -0.9961946909819803 0.00759612619088661 0.08682417017287893
vn -1.6001337642054803e-9 0.9961947009001669 -0.08715571064724933
vn 1.6001337642054803e-9 -0.9961947009001669 0.08715571064724933
usemtl m_c7e1ee4b-7081-6bcf-5679-c728ca007809
f 68/196/49 71/195/49 69/194/49 66/193/49
f 67/200/50 68/199/50 66/198/50 65/197/50
f 72/204/51 67/203/51 65/202/51 70/201/51
f 71/208/52 72/207/52 70/206/52 69/205/52
f 70/212/53 65/211/53 66/210/53 69/209/53
f 71/216/54 68/215/54 67/214/54 72/213/54
o cube
v -2.635411306971694 0.6869849755372243 3.4316103336531523
v -2.624558285730614 0.687026278593619 3.307082384083595
v -2.630188968296185 -0.0004951518803215923 3.4318374563368406
v -2.619335947055105 -0.00045384882392687965 3.3073095067672833
v -2.624558285730614 0.687026278593619 3.307082384083595
v -2.635411306971694 0.6869849755372243 3.4316103336531523
v -2.619335947055105 -0.00045384882392687965 3.3073095067672833
v -2.630188968296185 -0.0004951518803215923 3.4318374563368406
vt 0 1
vt 0 1
vt 0 0.828125
vt 0 0.828125
vt 0.0625 1
vt 0.09375 1
vt 0.09375 0.828125
vt 0.0625 0.828125
vt 0 1
vt 0 1
vt 0 0.828125
vt 0 0.828125
vt 0.09375 1
vt 0.125 1
vt 0.125 0.828125
vt 0.09375 0.828125
vt 0 0.96875
vt 0 0.96875
vt 0 1
vt 0 1
vt 0 1
vt 0 1
vt 0 0.96875
vt 0 0.96875
vn 0.08682416992863941 0.0003304244511577016 -0.9962235965564583
vn 0.9961946909819802 0.007596126190886613 0.08682417017287893
vn -0.08682416992863941 -0.0003304244511577016 0.9962235965564583
vn -0.9961946909819802 -0.007596126190886613 -0.08682417017287893
vn -0.007596128982558366 0.999971094425521 -0.0003303602671829906
vn 0.007596128982558366 -0.999971094425521 0.0003303602671829906
usemtl m_c7e1ee4b-7081-6bcf-5679-c728ca007809
f 76/220/55 79/219/55 77/218/55 74/217/55
f 75/224/56 76/223/56 74/222/56 73/221/56
f 80/228/57 75/227/57 73/226/57 78/225/57
f 79/232/58 80/231/58 78/230/58 77/229/58
f 78/236/59 73/235/59 74/234/59 77/233/59
f 79/240/60 76/239/60 75/238/60 80/237/60
o cube
v -2.989588693028306 0.6869849755372243 3.4316103336531523
v -3.000441714269386 0.687026278593619 3.307082384083595
v -2.994811031703815 -0.0004951518803215923 3.4318374563368406
v -3.005664052944895 -0.00045384882392687965 3.3073095067672833
v -3.000441714269386 0.687026278593619 3.307082384083595
v -2.989588693028306 0.6869849755372243 3.4316103336531523
v -3.005664052944895 -0.00045384882392687965 3.3073095067672833
v -2.994811031703815 -0.0004951518803215923 3.4318374563368406
vt 0 1
vt 0 1
vt 0 0.828125
vt 0 0.828125
vt 0.125 1
vt 0.15625 1
vt 0.15625 0.828125
vt 0.125 0.828125
vt 0 1
vt 0 1
vt 0 0.828125
vt 0 0.828125
vt 0.15625 1
vt 0.1875 1
vt 0.1875 0.828125
vt 0.15625 0.828125
vt 0 0.96875
vt 0 0.96875
vt 0 1
vt 0 1
vt 0 1
vt 0 1
vt 0 0.96875
vt 0 0.96875
vn -0.08682416992863941 0.0003304244511577016 -0.9962235965564583
vn 0.9961946909819802 -0.007596126190886613 -0.08682417017287893
vn 0.08682416992863941 -0.0003304244511577016 0.9962235965564583
vn -0.9961946909819802 0.007596126190886613 0.08682417017287893
vn 0.007596128982558366 0.999971094425521 -0.0003303602671829906
vn -0.007596128982558366 -0.999971094425521 0.0003303602671829906
usemtl m_c7e1ee4b-7081-6bcf-5679-c728ca007809
f 84/244/61 87/243/61 85/242/61 82/241/61
f 83/248/62 84/247/62 82/246/62 81/245/62
f 88/252/63 83/251/63 81/250/63 86/249/63
f 87/256/64 88/255/64 86/254/64 85/253/64
f 86/260/65 81/259/65 82/258/65 85/257/65
f 87/264/66 84/263/66 83/262/66 88/261/66
o cube
v -2.9910130177068233 1.1869902233001117 3.3066723973678243
v -3.001866038947903 1.1870315263565063 3.182144447798267
v -2.9948110821981024 0.687004676087351 3.306837577501416
v -3.005664103439182 0.6870459791437458 3.1823096279318586
v -3.001866038947903 1.1870315263565063 3.182144447798267
v -2.9910130177068233 1.1869902233001117 3.3066723973678243
v -3.005664103439182 0.6870459791437458 3.1823096279318586
v -2.9948110821981024 0.687004676087351 3.306837577501416
vt 0 1
vt 0 1
vt 0 0.875
vt 0 0.875
vt 0.25 0.5
vt 0.28125 0.5
vt 0.28125 0.375
vt 0.25 0.375
vt 0 1
vt 0 1
vt 0 0.875
vt 0 0.875
vt 0.5 0.75
vt 0.53125 0.75
vt 0.53125 0.625
vt 0.5 0.625
vt 0 0.96875
vt 0 0.96875
vt 0 1
vt 0 1
vt 0 1
vt 0 1
vt 0 0.96875
vt 0 0.96875
vn -0.08682416992863941 0.0003304244511577016 -0.9962235965564583
vn 0.9961946909819802 -0.007596126190886613 -0.08682417017287893
vn 0.08682416992863941 -0.0003304244511577016 0.9962235965564583
vn -0.9961946909819802 0.007596126190886613 0.08682417017287893
vn 0.007596128982558366 0.999971094425521 -0.0003303602671829906
vn -0.007596128982558366 -0.999971094425521 0.0003303602671829906
usemtl m_c7e1ee4b-7081-6bcf-5679-c728ca007809
f 92/268/67 95/267/67 93/266/67 90/265/67
f 91/272/68 92/271/68 90/270/68 89/269/68
f 96/276/69 91/275/69 89/274/69 94/273/69
f 95/280/70 96/279/70 94/278/70 93/277/70
f 94/284/71 89/283/71 90/282/71 93/281/71
f 95/288/72 92/287/72 91/286/72 96/285/72
o cube
v -2.6302095291748713 0.6898354175382209 3.1841791091539546
v -2.619315051173295 0.6789824104914106 3.060128625127833
v -2.6302095302749633 0.004951560669355978 3.2440986602239383
v -2.6193150522733872 -0.005901446377454239 3.120048176197817
v -2.619315051173295 0.6789824104914106 3.060128625127833
v -2.6302095291748713 0.6898354175382209 3.1841791091539546
v -2.6193150522733872 -0.005901446377454239 3.120048176197817
v -2.6302095302749633 0.004951560669355978 3.2440986602239383
vt 0 1
vt 0 1
vt 0 0.828125
vt 0 0.828125
vt 0 0.828125
vt 0.03125 0.828125
vt 0.03125 0.65625
vt 0 0.65625
vt 0 1
vt 0 1
vt 0 0.828125
vt 0 0.828125
vt 0.03125 0.828125
vt 0.0625 0.828125
vt 0.0625 0.65625
vt 0.03125 0.65625
vt 0 0.96875
vt 0 0.96875
vt 0 1
vt 0 1
vt 0 1
vt 0 1
vt 0 0.96875
vt 0 0.96875
vn 0.0871558240126092 -0.08682405637448172 -0.9924038722089732
vn 0.9961946909819803 0.00759612619088661 0.08682417017287893
vn -0.0871558240126092 0.08682405637448172 0.9924038722089732
vn -0.9961946909819803 -0.00759612619088661 -0.08682417017287893
vn 1.6001337642054803e-9 0.9961947009001669 -0.08715571064724933
vn -1.6001337642054803e-9 -0.9961947009001669 0.08715571064724933
usemtl m_c7e1ee4b-7081-6bcf-5679-c728ca007809
f 100/292/73 103/291/73 101/290/73 98/289/73
f 99/296/74 100/295/74 98/294/74 97/293/74
f 104/300/75 99/299/75 97/298/75 102/297/75
f 103/304/76 104/303/76 102/302/76 101/301/76
f 102/308/77 97/307/77 98/306/77 101/305/77
f 103/312/78 100/311/78 99/310/78 104/309/78
o cube
v -2.630209194481274 1.0037624629434354 3.0293623358424453
v -2.619314716479698 0.9929094558966252 2.905311851816324
v -2.630209194981316 0.692451618912133 3.0565984954197107
v -2.6193147169797397 0.6815986118653228 2.9325480113935893
v -2.619314716479698 0.9929094558966252 2.905311851816324
v -2.630209194481274 1.0037624629434354 3.0293623358424453
v -2.6193147169797397 0.6815986118653228 2.9325480113935893
v -2.630209194981316 0.692451618912133 3.0565984954197107
vt 0 1
vt 0 1
vt 0 0.921875
vt 0 0.921875
vt 0.59375 0.71875
vt 0.625 0.71875
vt 0.625 0.640625
vt 0.59375 0.640625
vt 0 1
vt 0 1
vt 0 0.921875
vt 0 0.921875
vt 0.59375 0.640625
vt 0.625 0.640625
vt 0.625 0.5625
vt 0.59375 0.5625
vt 0 0.96875
vt 0 0.96875
vt 0 1
vt 0 1
vt 0 1
vt 0 1
vt 0 0.96875
vt 0 0.96875
vn 0.0871558240126092 -0.08682405637448172 -0.9924038722089732
vn 0.9961946909819803 0.00759612619088661 0.08682417017287893
vn -0.0871558240126092 0.08682405637448172 0.9924038722089732
vn -0.9961946909819803 -0.00759612619088661 -0.08682417017287893
vn 1.6001337642054803e-9 0.9961947009001669 -0.08715571064724933
vn -1.6001337642054803e-9 -0.9961947009001669 0.08715571064724933
usemtl m_c7e1ee4b-7081-6bcf-5679-c728ca007809
f 108/316/79 111/315/79 109/314/79 106/313/79
f 107/320/80 108/319/80 106/318/80 105/317/80
f 112/324/81 107/323/81 105/322/81 110/321/81
f 111/328/82 112/327/82 110/326/82 109/325/82
f 110/332/83 105/331/83 106/330/83 109/329/83
f 111/336/84 108/335/84 107/334/84 112/333/84
o cube
v -2.5052090739312205 1.0037625735013476 3.720637417400147
v -2.4943145959296444 0.9929095664545373 3.8446879014262683
v -2.5052090744312623 0.6924517294700455 3.6934012578228814
v -2.4943145964296862 0.6815987224232353 3.817451741849003
v -2.4943145959296444 0.9929095664545373 3.8446879014262683
v -2.5052090739312205 1.0037625735013476 3.720637417400147
v -2.4943145964296862 0.6815987224232353 3.817451741849003
v -2.5052090744312623 0.6924517294700455 3.6934012578228814
vt 0 1
vt 0 1
vt 0 0.921875
vt 0 0.921875
vt 0.375 0.40625
vt 0.40625 0.40625
vt 0.40625 0.328125
vt 0.375 0.328125
vt 0 1
vt 0 1
vt 0 0.921875
vt 0 0.921875
vt 0.40625 0.40625
vt 0.4375 0.40625
vt 0.4375 0.328125
vt 0.40625 0.328125
vt 0 0.96875
vt 0 0.96875
vt 0 1
vt 0 1
vt 0 1
vt 0 1
vt 0 0.96875
vt 0 0.96875
vn 0.08715582401260927 -0.086824056374482 0.9924038722089732
vn -0.9961946909819802 -0.007596126190886772 0.08682417017287894
vn -0.08715582401260927 0.086824056374482 -0.9924038722089732
vn 0.9961946909819802 0.007596126190886772 -0.08682417017287894
vn 1.6001336288970493e-9 0.9961947009001668 0.08715571064724963
vn -1.6001336288970493e-9 -0.9961947009001668 -0.08715571064724963
usemtl m_c7e1ee4b-7081-6bcf-5679-c728ca007809
f 116/340/85 119/339/85 117/338/85 114/337/85
f 115/344/86 116/343/86 114/342/86 113/341/86
f 120/348/87 115/347/87 113/346/87 118/345/87
f 119/352/88 120/351/88 118/350/88 117/349/88
f 118/356/89 113/355/89 114/354/89 117/353/89
f 119/360/90 116/359/90 115/358/90 120/357/90
o cube
v -2.5052094086248173 0.6898355280961332 3.565820644088637
v -2.4943149306232413 0.678982521049323 3.689871128114759
v -2.5052094097249094 0.004951671227268462 3.505901093018653
v -2.4943149317233333 -0.005901335819541786 3.629951577044775
v -2.4943149306232413 0.678982521049323 3.689871128114759
v -2.5052094086248173 0.6898355280961332 3.565820644088637
v -2.4943149317233333 -0.005901335819541786 3.629951577044775
v -2.5052094097249094 0.004951671227268462 3.505901093018653
vt 0 1
vt 0 1
vt 0 0.828125
vt 0 0.828125
vt 0.0625 0.828125
vt 0.09375 0.828125
vt 0.09375 0.65625
vt 0.0625 0.65625
vt 0 1
vt 0 1
vt 0 0.828125
vt 0 0.828125
vt 0.09375 0.828125
vt 0.125 0.828125
vt 0.125 0.65625
vt 0.09375 0.65625
vt 0 0.96875
vt 0 0.96875
vt 0 1
vt 0 1
vt 0 1
vt 0 1
vt 0 0.96875
vt 0 0.96875
vn 0.08715582401260927 -0.086824056374482 0.9924038722089732
vn -0.9961946909819802 -0.007596126190886772 0.08682417017287894
vn -0.08715582401260927 0.086824056374482 -0.9924038722089732
vn 0.9961946909819802 0.007596126190886772 -0.08682417017287894
vn 1.6001336288970493e-9 0.9961947009001668 0.08715571064724963
vn -1.6001336288970493e-9 -0.9961947009001668 -0.08715571064724963
usemtl m_c7e1ee4b-7081-6bcf-5679-c728ca007809
f 124/364/91 127/363/91 125/362/91 122/361/91
f 123/368/92 124/367/92 122/366/92 121/365/92
f 128/372/93 123/371/93 121/370/93 126/369/93
f 127/376/94 128/375/94 126/374/94 125/373/94
f 126/380/95 121/379/95 122/378/95 125/377/95
f 127/384/96 124/383/96 123/382/96 128/381/96
o cube
v -2.86601311331486 1.186990127822248 3.443327941452796
v -2.87686613455594 1.1870314308786427 3.5678558910223535
v -2.869811177806139 0.6870045806094875 3.4431627613192046
v -2.880664199047219 0.6870458836658823 3.567690710888762
v -2.87686613455594 1.1870314308786427 3.5678558910223535
v -2.86601311331486 1.186990127822248 3.443327941452796
v -2.880664199047219 0.6870458836658823 3.567690710888762
v -2.869811177806139 0.6870045806094875 3.4431627613192046
vt 0 1
vt 0 1
vt 0 0.875
vt 0 0.875
vt 0.28125 0.5
vt 0.3125 0.5
vt 0.3125 0.375
vt 0.28125 0.375
vt 0 1
vt 0 1
vt 0 0.875
vt 0 0.875
vt 0.3125 0.5
vt 0.34375 0.5
vt 0.34375 0.375
vt 0.3125 0.375
vt 0 0.96875
vt 0 0.96875
vt 0 1
vt 0 1
vt 0 1
vt 0 1
vt 0 0.96875
vt 0 0.96875
vn -0.08682416992863935 0.00033042445115734684 0.9962235965564582
vn -0.9961946909819803 0.007596126190886772 -0.08682417017287893
vn 0.08682416992863935 -0.00033042445115734684 -0.9962235965564582
vn 0.9961946909819803 -0.007596126190886772 0.08682417017287893
vn 0.007596128982558491 0.999971094425521 0.00033036026718335734
vn -0.007596128982558491 -0.999971094425521 -0.00033036026718335734
usemtl m_c7e1ee4b-7081-6bcf-5679-c728ca007809
f 132/388/97 135/387/97 133/386/97 130/385/97
f 131/392/98 132/391/98 130/390/98 129/389/98
f 136/396/99 131/395/99 129/394/99 134/393/99
f 135/400/100 136/399/100 134/398/100 133/397/100
f 134/404/101 129/403/101 130/402/101 133/401/101
f 135/408/102 132/407/102 131/406/102 136/405/102
o cube
v -2.864588734371237 0.6869848798528452 3.3183893825277204
v -2.875441755612317 0.6870261829092399 3.4429173320972777
v -2.869811073046746 -0.0004952475647004955 3.3181622598440317
v -2.880664094287826 -0.0004539445083058272 3.442690209413589
v -2.875441755612317 0.6870261829092399 3.4429173320972777
v -2.864588734371237 0.6869848798528452 3.3183893825277204
v -2.880664094287826 -0.0004539445083058272 3.442690209413589
v -2.869811073046746 -0.0004952475647004955 3.3181622598440317
vt 0 1
vt 0 1
vt 0 0.828125
vt 0 0.828125
vt 0.125 0.828125
vt 0.15625 0.828125
vt 0.15625 0.65625
vt 0.125 0.65625
vt 0 1
vt 0 1
vt 0 0.828125
vt 0 0.828125
vt 0.15625 0.828125
vt 0.1875 0.828125
vt 0.1875 0.65625
vt 0.15625 0.65625
vt 0 0.96875
vt 0 0.96875
vt 0 1
vt 0 1
vt 0 1
vt 0 1
vt 0 0.96875
vt 0 0.96875
vn -0.08682416992863935 0.00033042445115734684 0.9962235965564582
vn -0.9961946909819803 0.007596126190886772 -0.08682417017287893
vn 0.08682416992863935 -0.00033042445115734684 -0.9962235965564582
vn 0.9961946909819803 -0.007596126190886772 0.08682417017287893
vn 0.007596128982558491 0.999971094425521 0.00033036026718335734
vn -0.007596128982558491 -0.999971094425521 -0.00033036026718335734
usemtl m_c7e1ee4b-7081-6bcf-5679-c728ca007809
f 140/412/103 143/411/103 141/410/103 138/409/103
f 139/416/104 140/415/104 138/414/104 137/413/104
f 144/420/105 139/419/105 137/418/105 142/417/105
f 143/424/106 144/423/106 142/422/106 141/421/106
f 142/428/107 137/427/107 138/426/107 141/425/107
f 143/432/108 140/431/108 139/430/108 144/429/108
o cube
v -2.5104111680470647 0.6869845377637964 3.3183895824410987
v -2.4995581468059846 0.6870258408201911 3.4429175320106564
v -2.505188829371556 -0.0004955896537494044 3.3181624597574104
v -2.494335808130476 -0.00045428659735473597 3.4426904093269677
v -2.4995581468059846 0.6870258408201911 3.4429175320106564
v -2.5104111680470647 0.6869845377637964 3.3183895824410987
v -2.494335808130476 -0.00045428659735473597 3.4426904093269677
v -2.505188829371556 -0.0004955896537494044 3.3181624597574104
vt 0 1
vt 0 1
vt 0 0.828125
vt 0 0.828125
vt 0.1875 1
vt 0.21875 1
vt 0.21875 0.828125
vt 0.1875 0.828125
vt 0 1
vt 0 1
vt 0 0.828125
vt 0 0.828125
vt 0.1875 0.828125
vt 0.21875 0.828125
vt 0.21875 0.65625
vt 0.1875 0.65625
vt 0 0.96875
vt 0 0.96875
vt 0 1
vt 0 1
vt 0 1
vt 0 1
vt 0 0.96875
vt 0 0.96875
vn 0.08682416992863935 0.00033042445115734684 0.9962235965564582
vn -0.9961946909819803 -0.007596126190886772 0.08682417017287893
vn -0.08682416992863935 -0.00033042445115734684 -0.9962235965564582
vn 0.9961946909819803 0.007596126190886772 -0.08682417017287893
vn -0.007596128982558491 0.999971094425521 0.00033036026718335734
vn 0.007596128982558491 -0.999971094425521 -0.00033036026718335734
usemtl m_c7e1ee4b-7081-6bcf-5679-c728ca007809
f 148/436/109 151/435/109 149/434/109 146/433/109
f 147/440/110 148/439/110 146/438/110 145/437/110
f 152/444/111 147/443/111 145/442/111 150/441/111
f 151/448/112 152/447/112 150/446/112 149/445/112
f 150/452/113 145/451/113 146/450/113 149/449/113
f 151/456/114 148/455/114 147/454/114 152/453/114
o cube
v -2.869790867062626 1.0037625554269947 3.720637628580896
v -2.8806853450642023 0.9929095483801844 3.8446881126070176
v -2.8697908665625844 0.6924517113956924 3.6934014690036303
v -2.8806853445641605 0.6815987043488821 3.817451953029752
v -2.8806853450642023 0.9929095483801844 3.8446881126070176
v -2.869790867062626 1.0037625554269947 3.720637628580896
v -2.8806853445641605 0.6815987043488821 3.817451953029752
v -2.8697908665625844 0.6924517113956924 3.6934014690036303
vt 0 1
vt 0 1
vt 0 0.921875
vt 0 0.921875
vt 0.4375 0.40625
vt 0.46875 0.40625
vt 0.46875 0.328125
vt 0.4375 0.328125
vt 0 1
vt 0 1
vt 0 0.921875
vt 0 0.921875
vt 0.59375 0.5625
vt 0.625 0.5625
vt 0.625 0.484375
vt 0.59375 0.484375
vt 0 0.96875
vt 0 0.96875
vt 0 1
vt 0 1
vt 0 1
vt 0 1
vt 0 0.96875
vt 0 0.96875
vn -0.08715582401260927 -0.086824056374482 0.9924038722089732
vn -0.9961946909819802 0.007596126190886772 -0.08682417017287894
vn 0.08715582401260927 0.086824056374482 -0.9924038722089732
vn 0.9961946909819802 -0.007596126190886772 0.08682417017287894
vn -1.6001336288970493e-9 0.9961947009001668 0.08715571064724963
vn 1.6001336288970493e-9 -0.9961947009001668 -0.08715571064724963
usemtl m_c7e1ee4b-7081-6bcf-5679-c728ca007809
f 156/460/115 159/459/115 157/458/115 154/457/115
f 155/464/116 156/463/116 154/462/116 153/461/116
f 160/468/117 155/467/117 153/466/117 158/465/117
f 159/472/118 160/471/118 158/470/118 157/469/118
f 158/476/119 153/475/119 154/474/119 157/473/119
f 159/480/120 156/479/120 155/478/120 160/477/120
o cube
v -2.765009097204385 0.6161244021103931 3.8162343679168726
v -2.887046097382272 0.6184824125022824 3.7892823666076154
v -2.7650091752593866 -0.006497283156331357 3.761762016805342
v -2.8870461754372734 -0.004139272764442013 3.7348100154960844
v -2.887046097382272 0.6184824125022824 3.7892823666076154
v -2.765009097204385 0.6161244021103931 3.8162343679168726
v -2.8870461754372734 -0.004139272764442013 3.7348100154960844
v -2.7650091752593866 -0.006497283156331357 3.761762016805342
vt 0 1
vt 0 1
vt 0 0.84375
vt 0 0.84375
vt 0.375 1
vt 0.40625 1
vt 0.40625 0.84375
vt 0.375 0.84375
vt 0 1
vt 0 1
vt 0 0.84375
vt 0 0.84375
vt 0.375 0.84375
vt 0.40625 0.84375
vt 0.40625 0.6875
vt 0.375 0.6875
vt 0 0.96875
vt 0 0.96875
vt 0 1
vt 0 1
vt 0 1
vt 0 1
vt 0 0.96875
vt 0 0.96875
vn -0.9762960014230935 0.01886408313511476 -0.21561601047406126
vn 0.21643963963484922 0.08508979479743098 -0.972580901116235
vn 0.9762960014230935 -0.01886408313511476 0.21561601047406126
vn -0.21643963963484922 -0.08508979479743098 0.972580901116235
vn 1.2488800286980522e-7 0.9961946964267592 0.08715576177844953
vn -1.2488800286980522e-7 -0.9961946964267592 -0.08715576177844953
usemtl m_c7e1ee4b-7081-6bcf-5679-c728ca007809
f 164/484/121 167/483/121 165/482/121 162/481/121
f 163/488/122 164/487/122 162/486/122 161/485/122
f 168/492/123 163/491/123 161/490/123 166/489/123
f 167/496/124 168/495/124 166/494/124 165/493/124
f 166/500/125 161/499/125 162/498/125 165/497/125
f 167/504/126 164/503/126 163/502/126 168/501/126
o cube
v -2.5089868481161286 1.1869904105086182 3.443327518932902
v -2.4981338268750486 1.1870317135650128 3.5678554685024593
v -2.5051887836248494 0.6870048632958575 3.4431623387993104
v -2.4943357623837694 0.6870461663522522 3.5676902883688677
v -2.4981338268750486 1.1870317135650128 3.5678554685024593
v -2.5089868481161286 1.1869904105086182 3.443327518932902
v -2.4943357623837694 0.6870461663522522 3.5676902883688677
v -2.5051887836248494 0.6870048632958575 3.4431623387993104
vt 0 1
vt 0 1
vt 0 0.875
vt 0 0.875
vt 0.34375 0.5
vt 0.375 0.5
vt 0.375 0.375
vt 0.34375 0.375
vt 0 1
vt 0 1
vt 0 0.875
vt 0 0.875
vt 0.5 0.625
vt 0.53125 0.625
vt 0.53125 0.5
vt 0.5 0.5
vt 0 0.96875
vt 0 0.96875
vt 0 1
vt 0 1
vt 0 1
vt 0 1
vt 0 0.96875
vt 0 0.96875
vn 0.08682416992863935 0.00033042445115734684 0.9962235965564582
vn -0.9961946909819803 -0.007596126190886772 0.08682417017287893
vn -0.08682416992863935 -0.00033042445115734684 -0.9962235965564582
vn 0.9961946909819803 0.007596126190886772 -0.08682417017287893
vn -0.007596128982558491 0.999971094425521 0.00033036026718335734
vn 0.007596128982558491 -0.999971094425521 -0.00033036026718335734
usemtl m_c7e1ee4b-7081-6bcf-5679-c728ca007809
f 172/508/127 175/507/127 173/506/127 170/505/127
f 171/512/128 172/511/128 170/510/128 169/509/128
f 176/516/129 171/515/129 169/514/129 174/513/129
f 175/520/130 176/519/130 174/518/130 173/517/130
f 174/524/131 169/523/131 170/522/131 173/521/131
f 175/528/132 172/527/132 171/526/132 176/525/132
o cube
v -2.6099911277176338 0.6161244208250034 3.8162345122398285
v -2.487954127539747 0.6184824312168927 3.789282510930571
v -2.6099910496626317 -0.006497264441721105 3.7617621611282974
v -2.487954049484745 -0.004139254049831761 3.73481015981904
v -2.487954127539747 0.6184824312168927 3.789282510930571
v -2.6099911277176338 0.6161244208250034 3.8162345122398285
v -2.487954049484745 -0.004139254049831761 3.73481015981904
v -2.6099910496626317 -0.006497264441721105 3.7617621611282974
vt 0 1
vt 0 1
vt 0 0.84375
vt 0 0.84375
vt 0.375 0.6875
vt 0.40625 0.6875
vt 0.40625 0.53125
vt 0.375 0.53125
vt 0 1
vt 0 1
vt 0 0.84375
vt 0 0.84375
vt 0.40625 1
vt 0.4375 1
vt 0.4375 0.84375
vt 0.40625 0.84375
vt 0 0.96875
vt 0 0.96875
vt 0 1
vt 0 1
vt 0 1
vt 0 1
vt 0 0.96875
vt 0 0.96875
vn 0.9762960014230935 0.01886408313511476 -0.21561601047406126
vn 0.21643963963484922 -0.08508979479743098 0.972580901116235
vn -0.9762960014230935 -0.01886408313511476 0.21561601047406126
vn -0.21643963963484922 0.08508979479743098 -0.972580901116235
vn -1.2488800286980522e-7 0.9961946964267592 0.08715576177844953
vn 1.2488800286980522e-7 -0.9961946964267592 -0.08715576177844953
usemtl m_c7e1ee4b-7081-6bcf-5679-c728ca007809
f 180/532/133 183/531/133 181/530/133 178/529/133
f 179/536/134 180/535/134 178/534/134 177/533/134
f 184/540/135 179/539/135 177/538/135 182/537/135
f 183/544/136 184/543/136 182/542/136 181/541/136
f 182/548/137 177/547/137 178/546/137 181/545/137
f 183/552/138 180/551/138 179/550/138 184/549/138
o cube
v -2.625 0.43802179165952304 3.9365842057401457
v -2.625 0.48585722070515924 3.821099264176235
v -2.625 -0.023917974596120287 3.745242489557601
v -2.625 0.02391745444951593 3.62975754799369
v -2.625 0.48585722070515924 3.821099264176235
v -2.625 0.43802179165952304 3.9365842057401457
v -2.625 0.02391745444951593 3.62975754799369
v -2.625 -0.023917974596120287 3.745242489557601
vt 0 1
vt 0 1
vt 0 0.875
vt 0 0.875
vt 0.5 0.5
vt 0.53125 0.5
vt 0.53125 0.375
vt 0.5 0.375
vt 0 1
vt 0 1
vt 0 0.875
vt 0 0.875
vt 0 0.484375
vt 0.03125 0.484375
vt 0.03125 0.359375
vt 0 0.359375
vt 0 0.96875
vt 0 0.96875
vt 0 1
vt 0 1
vt 0 1
vt 0 1
vt 0 0.96875
vt 0 0.96875
vn 0 0.3826834323650897 -0.9238795325112867
vn 1 0 0
vn 0 -0.3826834323650897 0.9238795325112867
vn -1 0 0
vn 0 0.9238795325112867 0.3826834323650897
vn 0 -0.9238795325112867 -0.3826834323650897
usemtl m_c7e1ee4b-7081-6bcf-5679-c728ca007809
f 188/556/139 191/555/139 189/554/139 186/553/139
f 187/560/140 188/559/140 186/558/140 185/557/140
f 192/564/141 187/563/141 185/562/141 190/561/141
f 191/568/142 192/567/142 190/566/142 189/565/142
f 190/572/143 185/571/143 186/570/143 189/569/143
f 191/576/144 188/575/144 187/574/144 192/573/144
o cube
v -2.6433060612423045 0.24237740007559655 3.723044017326223
v -2.610953676139885 0.2529006511769671 3.6027627454488345
v -2.6433060464893883 -0.006671274184661322 3.701255078636884
v -2.6109536613869686 0.003851976916709252 3.5809738067594954
v -2.610953676139885 0.2529006511769671 3.6027627454488345
v -2.6433060612423045 0.24237740007559655 3.723044017326223
v -2.6109536613869686 0.003851976916709252 3.5809738067594954
v -2.6433060464893883 -0.006671274184661322 3.701255078636884
vt 0 1
vt 0 1
vt 0 0.9375
vt 0 0.9375
vt 0.625 0.625
vt 0.65625 0.625
vt 0.65625 0.5625
vt 0.625 0.5625
vt 0 1
vt 0 1
vt 0 0.9375
vt 0 0.9375
vt 0.625 0.5625
vt 0.65625 0.5625
vt 0.65625 0.5
vt 0.625 0.5
vt 0 0.96875
vt 0 0.96875
vt 0 1
vt 0 1
vt 0 1
vt 0 1
vt 0 0.96875
vt 0 0.96875
vn 0.25881908081936056 0.0841860088109646 -0.9622501750191068
vn 0.9659258167187674 -0.022557515550431406 0.2578342007732377
vn -0.25881908081936056 -0.0841860088109646 0.9622501750191068
vn -0.9659258167187674 0.022557515550431406 -0.2578342007732377
vn -5.90116649608341e-8 0.9961946970410314 0.08715575475735542
vn 5.90116649608341e-8 -0.9961946970410314 -0.08715575475735542
usemtl m_c7e1ee4b-7081-6bcf-5679-c728ca007809
f 196/580/145 199/579/145 197/578/145 194/577/145
f 195/584/146 196/583/146 194/582/146 193/581/146
f 200/588/147 195/587/147 193/586/147 198/585/147
f 199/592/148 200/591/148 198/590/148 197/589/148
f 198/596/149 193/595/149 194/594/149 197/593/149
f 199/600/150 196/599/150 195/598/150 200/597/150
o cube
v -2.73169407650476 0.24237736142749564 3.7230442898053617
v -2.76404646160718 0.2529006125288662 3.6027630179279733
v -2.731694091257676 -0.006671312832762184 3.701255351116023
v -2.7640464763600963 0.00385193826860839 3.5809740792386346
v -2.76404646160718 0.2529006125288662 3.6027630179279733
v -2.73169407650476 0.24237736142749564 3.7230442898053617
v -2.7640464763600963 0.00385193826860839 3.5809740792386346
v -2.731694091257676 -0.006671312832762184 3.701255351116023
vt 0 1
vt 0 1
vt 0 0.9375
vt 0 0.9375
vt 0.5 0.375
vt 0.53125 0.375
vt 0.53125 0.3125
vt 0.5 0.3125
vt 0 1
vt 0 1
vt 0 0.9375
vt 0 0.9375
vt 0.625 0.5
vt 0.65625 0.5
vt 0.65625 0.4375
vt 0.625 0.4375
vt 0 0.96875
vt 0 0.96875
vt 0 1
vt 0 1
vt 0 1
vt 0 1
vt 0 0.96875
vt 0 0.96875
vn -0.25881908081936056 0.0841860088109646 -0.9622501750191068
vn 0.9659258167187674 0.022557515550431406 -0.2578342007732377
vn 0.25881908081936056 -0.0841860088109646 0.9622501750191068
vn -0.9659258167187674 -0.022557515550431406 0.2578342007732377
vn 5.90116649608341e-8 0.9961946970410314 0.08715575475735542
vn -5.90116649608341e-8 -0.9961946970410314 -0.08715575475735542
usemtl m_c7e1ee4b-7081-6bcf-5679-c728ca007809
f 204/604/151 207/603/151 205/602/151 202/601/151
f 203/608/152 204/607/152 202/606/152 201/605/152
f 208/612/153 203/611/153 201/610/153 206/609/153
f 207/616/154 208/615/154 206/614/154 205/613/154
f 206/620/155 201/619/155 202/618/155 205/617/155
f 207/624/156 204/623/156 203/622/156 208/621/156
o cube
v -2.8697905323690294 0.6898355100217801 3.565820855269387
v -2.8806850103706054 0.6789825029749699 3.6898713392955087
v -2.8697905312689374 0.0049516531529153265 3.5059013041994027
v -2.880685009270514 -0.005901353893894921 3.6299517882255246
v -2.8806850103706054 0.6789825029749699 3.6898713392955087
v -2.8697905323690294 0.6898355100217801 3.565820855269387
v -2.880685009270514 -0.005901353893894921 3.6299517882255246
v -2.8697905312689374 0.0049516531529153265 3.5059013041994027
vt 0 1
vt 0 1
vt 0 0.828125
vt 0 0.828125
vt 0.21875 1
vt 0.25 1
vt 0.25 0.828125
vt 0.21875 0.828125
vt 0 1
vt 0 1
vt 0 0.828125
vt 0 0.828125
vt 0.21875 0.828125
vt 0.25 0.828125
vt 0.25 0.65625
vt 0.21875 0.65625
vt 0 0.96875
vt 0 0.96875
vt 0 1
vt 0 1
vt 0 1
vt 0 1
vt 0 0.96875
vt 0 0.96875
vn -0.08715582401260927 -0.086824056374482 0.9924038722089732
vn -0.9961946909819802 0.007596126190886772 -0.08682417017287894
vn 0.08715582401260927 0.086824056374482 -0.9924038722089732
vn 0.9961946909819802 -0.007596126190886772 0.08682417017287894
vn -1.6001336288970493e-9 0.9961947009001668 0.08715571064724963
vn 1.6001336288970493e-9 -0.9961947009001668 -0.08715571064724963
usemtl m_c7e1ee4b-7081-6bcf-5679-c728ca007809
f 212/628/157 215/627/157 213/626/157 210/625/157
f 211/632/158 212/631/158 210/630/158 209/629/158
f 216/636/159 211/635/159 209/634/159 214/633/159
f 215/640/160 216/639/160 214/638/160 213/637/160
f 214/644/161 209/643/161 210/642/161 213/641/161
f 215/648/162 212/647/162 211/646/162 216/645/162
o cube
v -2.75 0.43802179165952304 3.9365842057401457
v -2.75 0.48585722070515924 3.821099264176235
v -2.75 -0.023917974596120287 3.745242489557601
v -2.75 0.02391745444951593 3.62975754799369
v -2.75 0.48585722070515924 3.821099264176235
v -2.75 0.43802179165952304 3.9365842057401457
v -2.75 0.02391745444951593 3.62975754799369
v -2.75 -0.023917974596120287 3.745242489557601
vt 0 1
vt 0 1
vt 0 0.875
vt 0 0.875
vt 0.03125 0.484375
vt 0.0625 0.484375
vt 0.0625 0.359375
vt 0.03125 0.359375
vt 0 1
vt 0 1
vt 0 0.875
vt 0 0.875
vt 0.0625 0.484375
